-2.854799999999986085e+03
3.303100000000004457e+03
3.685800000000005639e+03
5.138399999999999636e+03
4.726300000000000182e+03
5.124599999999998545e+03
5.051700000000000728e+03
5.246799999999999272e+03
5.503100000000001273e+03
5.294900000000000546e+03
6.035699999999998909e+03
6.342199999999998909e+03
6.956099999999997635e+03
8.219899999999997817e+03
7.371899999999995998e+03
8.743900000000003274e+03
8.413899999999997817e+03
8.451899999999999636e+03
7.945899999999995998e+03
8.227899999999995998e+03
8.457899999999999636e+03
9.328900000000003274e+03
9.318900000000006912e+03
8.809900000000006912e+03
8.881900000000006912e+03
8.595500000000007276e+03
8.771300000000004729e+03
8.956900000000006912e+03
9.485500000000003638e+03
9.896300000000001091e+03
8.754400000000003274e+03
9.306800000000006548e+03
9.251700000000006185e+03
9.332600000000004002e+03
8.498600000000004002e+03
9.847300000000002910e+03
9.457200000000004366e+03
9.054400000000006912e+03
9.634100000000004002e+03
9.479400000000003274e+03
1.019599999999999636e+04
1.018019999999999891e+04
9.999200000000002547e+03
9.741300000000004729e+03
9.202000000000007276e+03
9.119100000000005821e+03
9.979500000000003638e+03
9.750200000000000728e+03
9.706200000000002547e+03
9.358400000000003274e+03
9.703700000000002547e+03
9.789400000000005093e+03
9.819400000000003274e+03
9.700500000000001819e+03
1.015719999999999891e+04
1.009260000000000218e+04
9.631000000000003638e+03
9.762400000000001455e+03
9.688700000000004366e+03
9.629900000000003274e+03
9.079000000000003638e+03
1.001550000000000000e+04
9.780800000000002910e+03
9.497800000000001091e+03
9.938700000000002547e+03
9.730399999999999636e+03
9.372000000000003638e+03
9.668800000000001091e+03
1.002320000000000073e+04
9.481600000000004002e+03
9.409700000000004366e+03
9.741100000000000364e+03
9.428900000000003274e+03
9.802000000000001819e+03
9.343700000000004366e+03
9.969300000000001091e+03
1.000160000000000218e+04
9.098500000000003638e+03
9.883500000000000000e+03
9.925300000000001091e+03
9.440500000000003638e+03
9.836200000000002547e+03
9.624500000000003638e+03
9.693700000000002547e+03
9.242400000000006912e+03
9.728900000000001455e+03
9.247700000000006185e+03
9.521500000000003638e+03
1.005070000000000073e+04
9.743600000000005821e+03
9.660600000000005821e+03
9.994200000000002547e+03
9.511200000000002547e+03
9.145400000000006912e+03
9.273100000000000364e+03
1.006050000000000000e+04
9.772600000000000364e+03
1.016519999999999891e+04
9.922100000000002183e+03
1.025519999999999345e+04
9.554500000000003638e+03
9.885200000000000728e+03
9.605000000000003638e+03
9.442800000000002910e+03
9.698800000000002910e+03
1.011489999999999782e+04
1.023439999999999964e+04
1.036279999999999745e+04
9.508500000000001819e+03
9.543400000000001455e+03
1.016689999999999782e+04
9.769000000000001819e+03
9.567500000000001819e+03
9.862700000000002547e+03
9.412800000000004729e+03
1.024989999999999964e+04
9.643200000000004366e+03
1.034319999999999709e+04
1.012130000000000109e+04
9.629000000000003638e+03
9.688800000000002910e+03
9.550100000000004002e+03
1.017360000000000036e+04
9.517000000000005457e+03
9.666800000000001091e+03
9.753300000000002910e+03
9.447500000000003638e+03
1.000580000000000291e+04
9.858000000000001819e+03
9.250500000000005457e+03
9.964399999999999636e+03
9.689800000000002910e+03
9.919700000000002547e+03
9.779600000000002183e+03
9.805400000000001455e+03
9.985800000000002910e+03
9.537400000000003274e+03
9.951999999999996362e+03
1.022159999999999673e+04
1.041549999999999091e+04
9.827900000000003274e+03
9.955899999999997817e+03
1.015189999999999600e+04
1.019589999999999600e+04
1.027589999999999782e+04
1.018599999999999818e+04
1.022769999999999527e+04
1.041589999999999236e+04
1.020069999999999891e+04
9.897900000000001455e+03
9.687899999999999636e+03
1.004989999999999964e+04
9.971899999999997817e+03
9.951899999999997817e+03
1.007949999999999818e+04
9.973899999999997817e+03
9.867900000000001455e+03
9.692299999999999272e+03
9.619399999999999636e+03
9.621900000000001455e+03
1.016099999999999636e+04
1.020559999999999854e+04
9.976999999999998181e+03
1.023589999999999600e+04
1.016589999999999600e+04
1.059789999999999418e+04
1.073789999999999236e+04
1.048589999999998872e+04
1.002589999999999782e+04
1.037559999999999491e+04
1.049989999999999236e+04
1.016589999999999600e+04
1.022189999999999600e+04
1.013789999999999782e+04
1.026229999999999382e+04
1.032989999999999600e+04
1.031989999999999600e+04
1.066309999999999127e+04
1.011989999999999782e+04
1.016389999999999600e+04
1.037589999999999418e+04
1.005789999999999964e+04
1.022589999999999600e+04
1.018589999999999600e+04
1.018189999999999600e+04
1.030589999999999600e+04
1.030789999999999782e+04
1.037989999999999236e+04
9.973899999999997817e+03
1.019189999999999782e+04
1.066189999999999236e+04
1.001789999999999782e+04
1.006289999999999964e+04
1.010689999999999600e+04
1.025189999999999600e+04
9.919899999999999636e+03
1.055189999999999236e+04
1.049389999999999418e+04
1.046589999999999418e+04
1.014489999999999782e+04
1.077489999999999418e+04
1.014689999999999782e+04
1.040589999999999600e+04
1.025389999999999600e+04
1.033989999999999418e+04
1.040389999999999600e+04
1.048589999999999236e+04
1.045989999999999236e+04
1.064089999999999236e+04
9.681899999999999636e+03
1.026889999999999600e+04
1.023589999999999600e+04
1.093789999999999054e+04
1.043189999999999236e+04
1.019789999999999418e+04
9.925899999999997817e+03
1.060489999999999236e+04
1.055789999999999418e+04
9.635900000000001455e+03
1.005289999999999782e+04
1.008189999999999782e+04
9.749500000000001819e+03
1.071129999999999200e+04
1.046929999999999200e+04
1.036089999999999600e+04
1.024129999999999563e+04
1.059159999999999309e+04
9.939899999999997817e+03
1.032659999999999673e+04
9.861900000000001455e+03
1.021329999999999745e+04
1.027759999999999673e+04
1.011359999999999673e+04
1.024789999999999600e+04
1.037989999999999600e+04
9.578700000000002547e+03
1.035529999999999200e+04
1.068369999999999345e+04
1.036159999999999309e+04
1.002759999999999854e+04
1.013389999999999782e+04
1.095489999999999054e+04
1.036189999999999600e+04
1.039159999999999309e+04
1.005589999999999782e+04
1.039699999999999454e+04
1.007110000000000036e+04
1.028249999999999454e+04
9.940899999999999636e+03
1.034329999999999563e+04
1.043339999999999418e+04
1.007189999999999964e+04
1.037789999999999600e+04
1.013689999999999782e+04
9.971599999999998545e+03
9.941599999999998545e+03
1.018689999999999600e+04
9.803900000000001455e+03
1.032959999999999673e+04
1.059759999999999309e+04
1.052859999999999309e+04
1.000149999999999818e+04
1.022189999999999782e+04
9.997899999999997817e+03
1.011989999999999782e+04
9.871899999999999636e+03
9.967899999999997817e+03
1.023829999999999563e+04
9.968699999999997090e+03
1.039789999999999418e+04
1.018389999999999782e+04
1.025189999999999418e+04
1.026189999999999600e+04
9.948700000000000728e+03
1.063629999999999018e+04
1.015989999999999600e+04
1.050989999999999418e+04
1.050299999999999272e+04
1.085729999999999018e+04
1.037789999999999600e+04
1.000189999999999782e+04
1.004989999999999964e+04
9.991599999999998545e+03
1.046809999999999127e+04
1.064559999999999127e+04
1.040959999999999309e+04
1.019259999999999673e+04
9.987899999999997817e+03
9.926299999999999272e+03
1.014159999999999854e+04
1.009719999999999709e+04
1.024589999999999600e+04
1.043999999999999454e+04
1.073759999999999309e+04
1.022789999999999600e+04
1.057289999999999236e+04
9.737900000000001455e+03
1.052869999999999527e+04
1.014789999999999782e+04
1.011189999999999782e+04
9.887500000000000000e+03
1.019889999999999964e+04
1.001959999999999854e+04
1.024199999999999636e+04
1.031499999999999636e+04
1.026609999999999673e+04
1.009159999999999854e+04
1.046089999999999236e+04
1.031689999999999600e+04
1.003560000000000036e+04
1.010189999999999782e+04
1.081759999999999127e+04
1.027729999999999563e+04
1.022339999999999418e+04
9.978899999999997817e+03
1.087069999999999163e+04
1.015789999999999964e+04
1.035759999999999491e+04
1.036979999999999745e+04
1.045689999999999236e+04
1.046189999999999236e+04
1.056379999999999382e+04
9.969899999999997817e+03
1.028069999999999709e+04
1.098159999999999127e+04
9.635600000000000364e+03
1.028929999999999745e+04
1.026299999999999636e+04
1.040379999999999745e+04
1.042829999999999382e+04
1.010159999999999673e+04
1.072039999999999418e+04
1.088729999999998472e+04
1.026729999999999382e+04
1.023589999999999782e+04
1.044299999999999272e+04
9.959999999999998181e+03
1.029389999999999418e+04
1.094189999999999054e+04
1.035419999999999345e+04
1.041789999999999418e+04
1.071189999999999054e+04
1.056629999999999200e+04
1.047189999999999236e+04
1.052389999999999054e+04
1.026589999999999600e+04
1.093019999999999163e+04
1.024189999999999600e+04
1.054489999999999236e+04
1.052789999999999236e+04
1.007179999999999745e+04
1.044279999999999382e+04
1.045989999999999236e+04
1.070189999999999054e+04
1.097989999999999054e+04
1.058869999999999345e+04
9.979899999999997817e+03
9.885899999999999636e+03
1.002589999999999782e+04
1.049959999999999309e+04
1.075529999999999200e+04
1.014859999999999854e+04
1.022159999999999673e+04
1.024589999999999600e+04
1.040559999999999673e+04
1.056789999999999418e+04
1.054459999999999127e+04
1.066189999999999054e+04
1.062129999999999018e+04
1.065189999999999236e+04
1.044789999999999236e+04
1.069589999999999054e+04
1.067489999999999418e+04
1.052189999999999236e+04
1.075389999999999418e+04
1.051789999999999418e+04
1.037989999999999418e+04
1.115789999999998690e+04
1.011500000000000000e+04
1.008169999999999891e+04
1.029689999999999600e+04
1.019959999999999673e+04
1.038669999999999345e+04
1.035779999999999745e+04
1.065719999999998981e+04
1.066689999999999236e+04
1.060799999999999454e+04
1.033289999999999782e+04
1.041359999999999673e+04
1.051359999999999491e+04
1.048039999999999418e+04
1.035989999999999418e+04
1.068489999999999054e+04
1.046389999999999418e+04
1.068589999999999054e+04
1.062899999999999091e+04
1.045359999999999127e+04
1.017389999999999782e+04
1.013989999999999964e+04
1.065389999999999236e+04
1.024329999999999927e+04
1.059759999999998945e+04
1.049499999999999272e+04
1.033989999999999600e+04
1.000629999999999927e+04
1.024389999999999600e+04
1.013100000000000000e+04
1.074189999999999054e+04
1.013989999999999964e+04
1.077329999999998654e+04
1.010189999999999782e+04
1.006089999999999782e+04
1.049189999999999418e+04
1.053159999999999127e+04
1.017789999999999782e+04
1.034459999999999491e+04
1.058269999999999527e+04
1.057899999999999272e+04
1.068959999999999127e+04
1.072189999999999236e+04
1.063039999999999236e+04
1.065899999999999272e+04
1.068929999999999382e+04
1.068989999999999054e+04
1.056189999999999418e+04
1.052589999999999054e+04
1.054489999999999236e+04
1.073589999999998872e+04
1.057639999999999054e+04
1.013329999999999382e+04
1.055389999999999236e+04
1.038189999999999600e+04
1.050099999999999272e+04
1.076329999999999018e+04
1.048589999999999600e+04
1.047789999999999236e+04
9.995899999999997817e+03
1.023799999999999818e+04
9.921899999999997817e+03
1.043179999999999563e+04
1.053069999999999527e+04
1.079029999999999018e+04
1.058469999999999345e+04
1.056009999999999491e+04
1.064499999999999091e+04
1.100579999999998654e+04
1.058459999999999309e+04
1.077159999999999127e+04
1.053989999999999418e+04
1.083589999999999054e+04
1.096789999999998690e+04
1.055389999999999418e+04
1.067889999999999236e+04
1.043589999999999418e+04
1.037989999999999418e+04
1.028189999999999600e+04
1.073189999999999236e+04
1.070089999999999054e+04
1.065319999999999345e+04
1.107359999999998399e+04
1.065789999999999236e+04
1.020960000000000036e+04
1.046389999999999236e+04
1.076239999999999236e+04
1.074989999999999054e+04
1.065029999999999200e+04
1.021159999999999673e+04
1.036589999999999600e+04
1.064389999999999236e+04
1.075189999999999054e+04
1.039589999999999600e+04
1.054589999999999236e+04
1.046559999999999309e+04
1.040699999999999454e+04
1.085459999999998581e+04
1.007589999999999600e+04
1.110589999999998508e+04
1.066789999999999418e+04
1.084189999999999054e+04
1.027989999999999600e+04
1.063729999999999382e+04
1.050889999999999600e+04
1.024329999999999382e+04
1.058589999999999418e+04
1.076659999999999127e+04
1.093759999999999127e+04
1.089359999999999127e+04
1.075259999999998945e+04
1.027899999999999636e+04
1.038589999999999600e+04
1.075589999999999054e+04
1.046699999999999454e+04
1.049049999999999272e+04
1.065159999999999309e+04
1.058559999999999491e+04
1.012960000000000036e+04
1.062639999999999418e+04
1.105439999999998508e+04
1.032159999999999673e+04
1.042129999999999200e+04
1.026959999999999491e+04
1.110789999999999054e+04
1.038559999999999309e+04
1.058589999999999418e+04
1.078989999999999054e+04
1.028989999999999600e+04
1.062559999999999309e+04
1.043589999999999418e+04
1.061359999999999309e+04
1.110119999999998618e+04
1.064989999999999418e+04
1.114389999999998690e+04
1.064589999999999236e+04
1.071879999999999200e+04
1.040989999999999600e+04
1.049189999999999236e+04
1.051289999999999418e+04
1.063889999999999236e+04
1.090389999999998872e+04
1.039539999999999418e+04
1.042969999999999163e+04
1.079379999999999018e+04
1.068529999999999018e+04
1.026609999999999491e+04
1.071179999999999200e+04
1.014150000000000000e+04
1.100589999999999054e+04
1.009789999999999964e+04
1.080529999999999018e+04
1.045159999999999127e+04
1.065789999999999236e+04
1.054759999999999127e+04
1.033859999999999673e+04
1.066589999999999236e+04
1.079929999999999200e+04
1.073589999999999054e+04
1.077759999999998945e+04
1.042189999999999236e+04
1.043189999999999236e+04
1.024159999999999491e+04
1.080029999999999018e+04
1.062859999999999491e+04
1.057929999999999382e+04
1.056789999999999418e+04
1.040389999999999600e+04
9.989899999999997817e+03
1.065829999999999382e+04
1.064929999999999018e+04
1.053289999999999236e+04
1.052899999999999454e+04
1.106189999999998872e+04
1.093189999999998872e+04
1.063159999999998945e+04
1.058389999999999236e+04
1.058989999999999054e+04
1.076359999999999309e+04
1.062389999999999054e+04
1.035589999999999600e+04
1.037819999999999709e+04
1.077899999999999091e+04
1.028269999999999709e+04
1.046839999999999236e+04
1.064759999999999309e+04
1.083759999999998945e+04
1.066389999999999418e+04
1.065159999999999309e+04
1.059189999999999418e+04
1.044129999999999382e+04
1.047359999999999127e+04
1.034189999999999600e+04
1.068589999999999418e+04
1.074989999999999054e+04
1.044559999999999309e+04
1.063759999999998945e+04
1.084759999999999127e+04
1.093959999999998945e+04
1.071049999999999091e+04
1.001579999999999927e+04
1.060209999999998945e+04
1.094539999999999236e+04
1.048389999999999236e+04
1.079389999999999054e+04
1.014189999999999418e+04
1.056389999999999236e+04
1.071939999999999236e+04
1.062359999999999309e+04
1.072729999999999018e+04
1.033789999999999600e+04
1.038129999999999382e+04
1.047749999999999272e+04
1.053989999999999418e+04
1.060439999999999236e+04
1.068189999999999418e+04
1.077789999999999054e+04
1.071159999999999127e+04
1.059609999999999491e+04
1.067989999999999418e+04
1.072129999999999563e+04
1.079789999999999236e+04
1.032189999999999600e+04
1.080529999999999018e+04
9.729900000000001455e+03
1.087359999999998945e+04
1.090589999999998872e+04
1.063689999999999418e+04
1.066259999999999309e+04
1.065159999999999491e+04
1.057929999999999382e+04
1.010730000000000109e+04
1.070069999999999163e+04
1.103929999999998472e+04
1.070189999999998872e+04
1.040439999999999600e+04
1.063389999999999054e+04
1.067239999999999236e+04
1.082329999999999200e+04
1.055409999999999309e+04
1.063959999999999309e+04
1.064649999999999091e+04
1.063269999999998981e+04
1.073759999999999127e+04
1.071589999999999054e+04
1.097989999999998508e+04
1.029159999999999491e+04
1.074159999999999309e+04
1.047589999999999418e+04
1.047299999999999454e+04
1.061259999999999309e+04
1.000669999999999891e+04
1.069359999999999127e+04
1.044389999999999054e+04
1.048869999999999345e+04
1.063989999999999054e+04
1.100489999999999054e+04
1.063009999999999309e+04
1.073759999999998945e+04
1.064989999999999418e+04
1.063989999999999054e+04
1.078149999999999272e+04
1.047589999999999236e+04
1.045389999999999236e+04
1.056059999999999491e+04
1.053979999999999382e+04
1.056899999999999272e+04
1.048649999999999272e+04
1.076299999999999091e+04
1.073859999999998945e+04
1.063929999999999200e+04
1.046499999999999636e+04
1.105189999999999054e+04
1.097459999999998945e+04
1.038759999999999673e+04
1.053699999999999091e+04
1.053269999999999163e+04
1.067699999999999091e+04
1.065639999999999418e+04
1.110959999999998399e+04
1.060739999999999418e+04
1.058589999999999418e+04
1.082989999999999236e+04
1.120789999999998508e+04
1.072889999999999054e+04
1.060589999999999236e+04
1.089359999999999127e+04
1.075989999999998872e+04
1.070989999999999236e+04
1.066559999999999309e+04
1.053359999999999309e+04
1.040589999999999418e+04
1.060829999999999382e+04
1.070579999999999018e+04
1.057729999999999745e+04
1.083789999999999054e+04
1.073069999999999163e+04
1.055499999999999454e+04
1.088989999999999054e+04
1.066019999999999163e+04
1.080929999999999018e+04
1.103099999999998727e+04
1.052929999999999382e+04
1.068589999999999236e+04
1.084899999999999091e+04
1.104469999999998981e+04
1.047869999999999527e+04
1.075729999999999018e+04
1.090929999999999018e+04
1.085409999999999127e+04
1.066359999999999309e+04
1.095189999999999054e+04
1.084989999999999054e+04
1.071759999999999127e+04
1.090189999999999054e+04
1.065299999999999272e+04
1.072299999999999091e+04
1.063959999999999309e+04
1.086389999999998872e+04
1.065559999999999309e+04
1.069789999999999418e+04
1.092699999999999091e+04
1.059559999999999309e+04
1.087989999999999054e+04
1.089299999999998545e+04
1.095959999999999127e+04
1.043589999999999418e+04
1.043589999999999418e+04
1.041959999999999309e+04
1.020529999999999745e+04
1.025529999999999563e+04
1.050289999999999418e+04
1.080929999999999018e+04
1.087929999999999200e+04
1.086189999999999054e+04
1.095989999999998872e+04
1.090389999999998872e+04
1.101189999999998690e+04
1.068789999999999418e+04
1.071759999999999309e+04
1.054129999999999200e+04
1.056909999999999309e+04
1.055469999999999345e+04
1.064039999999999418e+04
1.062529999999999018e+04
1.052899999999999454e+04
1.053579999999999200e+04
1.084689999999999054e+04
1.112969999999998618e+04
1.115269999999998618e+04
1.078959999999999127e+04
1.079589999999999054e+04
1.085159999999998945e+04
1.087189999999998872e+04
1.063089999999999054e+04
1.090329999999999018e+04
1.064689999999999418e+04
1.065299999999999454e+04
1.057659999999999309e+04
1.070859999999998945e+04
1.087789999999999054e+04
1.066329999999999200e+04
1.100389999999999054e+04
1.073939999999999054e+04
1.071589999999999236e+04
1.049859999999999309e+04
1.094159999999998945e+04
1.123189999999998690e+04
1.069529999999999382e+04
1.061359999999999309e+04
1.079189999999999054e+04
1.058189999999998872e+04
1.077129999999999018e+04
1.060759999999999127e+04
1.094119999999998981e+04
1.091639999999999236e+04
1.070789999999999236e+04
1.090589999999999054e+04
1.079959999999998945e+04
1.067759999999999491e+04
1.045129999999999382e+04
1.057369999999999345e+04
1.064189999999999418e+04
1.051099999999999272e+04
1.091559999999998945e+04
1.131159999999998763e+04
1.100389999999998690e+04
1.040989999999999418e+04
1.109729999999999018e+04
1.086389999999999236e+04
1.090189999999999054e+04
1.115669999999998618e+04
1.080589999999998872e+04
1.094559999999998945e+04
1.081119999999998981e+04
1.088959999999998945e+04
1.071589999999999236e+04
1.083389999999999054e+04
1.083369999999998981e+04
1.079719999999999163e+04
1.082729999999999200e+04
1.060529999999999382e+04
1.073729999999999382e+04
1.042669999999999527e+04
1.084759999999998945e+04
1.093699999999998909e+04
1.098589999999999236e+04
1.079039999999999236e+04
1.060869999999999527e+04
1.070559999999999127e+04
1.070499999999999272e+04
1.101589999999998690e+04
1.090069999999999163e+04
1.071669999999999163e+04
1.084959999999998945e+04
1.093989999999998872e+04
1.051759999999999127e+04
1.124159999999998581e+04
1.078389999999999054e+04
1.110979999999998654e+04
1.066759999999998945e+04
1.046959999999999127e+04
1.066269999999999345e+04
1.080989999999998872e+04
1.054959999999999491e+04
1.083589999999999054e+04
1.057189999999999418e+04
1.085989999999998872e+04
1.100589999999998872e+04
1.061329999999999382e+04
1.055989999999999418e+04
1.102239999999999054e+04
1.083989999999998872e+04
1.090789999999999054e+04
1.044789999999999418e+04
1.061699999999999454e+04
1.105689999999999054e+04
1.102959999999998945e+04
1.068429999999999200e+04
1.082789999999998872e+04
1.072269999999999345e+04
1.065389999999999054e+04
1.095529999999999018e+04
1.081719999999998981e+04
1.083559999999998945e+04
1.099189999999998872e+04
1.087159999999998945e+04
1.109159999999998581e+04
1.060189999999999236e+04
1.085589999999998872e+04
1.087989999999999054e+04
1.038699999999999636e+04
1.092759999999999127e+04
1.097759999999998945e+04
1.074549999999999091e+04
1.077789999999998872e+04
1.080789999999999054e+04
1.074589999999999054e+04
1.085439999999999236e+04
1.075189999999999054e+04
1.092729999999999018e+04
1.073189999999999236e+04
1.078559999999999127e+04
1.101389999999999054e+04
1.082789999999999054e+04
1.058159999999999491e+04
1.091299999999999091e+04
1.048889999999999054e+04
1.082069999999999163e+04
1.073559999999999491e+04
1.095479999999999200e+04
1.076989999999999236e+04
1.056989999999999236e+04
1.040429999999999563e+04
1.088239999999999054e+04
1.066159999999999309e+04
1.108699999999998909e+04
1.099099999999999091e+04
1.083889999999999054e+04
1.051989999999999236e+04
1.046699999999999454e+04
1.110789999999998872e+04
1.086899999999999091e+04
1.080759999999998945e+04
1.084929999999998836e+04
1.089359999999998945e+04
1.087159999999999127e+04
1.108189999999999054e+04
1.080989999999999054e+04
1.084089999999999054e+04
1.078929999999999018e+04
1.091659999999999127e+04
1.093239999999999054e+04
1.098749999999998909e+04
1.073989999999999236e+04
1.089959999999998945e+04
1.079529999999999018e+04
1.061239999999999418e+04
1.079789999999999054e+04
1.093689999999999054e+04
1.087189999999999054e+04
1.101609999999998763e+04
1.090359999999998945e+04
1.086959999999999127e+04
1.068899999999999454e+04
1.088129999999999018e+04
1.098589999999998872e+04
1.067259999999999309e+04
1.024429999999999563e+04
1.060999999999999272e+04
1.083929999999999018e+04
1.066959999999998945e+04
1.100489999999998872e+04
1.069239999999999054e+04
1.088209999999999127e+04
1.106529999999999018e+04
1.101989999999998872e+04
1.080209999999998945e+04
1.095329999999999018e+04
1.114759999999998399e+04
1.083789999999999054e+04
1.071159999999998945e+04
1.098389999999998690e+04
1.096959999999998945e+04
1.106129999999999018e+04
1.081189999999998872e+04
1.085189999999999054e+04
1.073789999999999418e+04
1.092359999999998945e+04
1.079159999999999127e+04
1.075959999999999127e+04
1.073409999999999127e+04
1.085759999999998945e+04
1.078979999999999200e+04
1.092899999999999091e+04
1.108359999999998581e+04
1.055789999999999236e+04
1.097189999999999054e+04
1.092159999999998945e+04
1.094789999999999054e+04
1.076789999999999054e+04
1.063589999999999418e+04
1.075159999999999309e+04
1.102789999999998690e+04
1.075179999999999018e+04
1.097389999999999054e+04
1.081589999999999054e+04
1.080759999999998945e+04
1.097389999999999236e+04
1.081189999999998872e+04
1.100589999999999054e+04
1.096759999999999127e+04
1.093929999999999018e+04
1.111699999999998909e+04
1.088389999999998872e+04
1.097129999999999200e+04
1.089889999999998872e+04
1.075389999999999236e+04
1.105159999999998581e+04
1.091189999999999054e+04
1.085589999999998872e+04
1.045989999999999418e+04
1.098529999999999018e+04
1.091149999999998909e+04
1.088789999999999054e+04
1.061929999999999382e+04
1.094389999999999236e+04
1.109589999999999054e+04
1.108589999999999054e+04
1.128789999999998872e+04
1.093789999999999236e+04
1.102459999999999127e+04
1.072439999999999236e+04
1.100559999999998945e+04
1.072819999999998981e+04
1.056159999999999309e+04
1.097359999999998945e+04
1.087589999999999236e+04
1.099959999999998945e+04
1.091129999999999200e+04
1.082589999999998872e+04
1.075989999999998872e+04
1.085819999999999163e+04
1.076759999999999127e+04
1.088189999999999054e+04
1.088329999999999200e+04
1.105759999999998945e+04
1.115479999999998654e+04
1.095929999999999018e+04
1.102589999999998872e+04
1.093489999999999054e+04
1.069189999999999236e+04
1.101789999999999054e+04
1.099789999999999054e+04
1.065759999999999309e+04
1.056389999999999054e+04
1.096389999999999054e+04
1.114329999999998654e+04
1.084789999999998508e+04
1.067959999999999127e+04
1.093389999999999054e+04
1.100069999999998799e+04
1.071299999999999272e+04
1.091789999999999054e+04
1.073709999999999491e+04
1.096559999999998581e+04
1.084799999999999091e+04
1.088559999999999127e+04
1.080529999999999018e+04
1.093189999999999054e+04
1.104699999999999091e+04
1.084249999999999091e+04
1.076759999999998945e+04
1.088389999999999054e+04
1.088589999999999236e+04
1.078029999999999018e+04
1.109859999999998945e+04
1.096839999999999054e+04
1.089089999999999054e+04
1.092789999999999054e+04
1.110559999999998763e+04
1.093589999999998872e+04
1.069189999999999236e+04
1.090589999999999236e+04
1.079589999999999054e+04
1.061789999999999236e+04
1.076289999999998872e+04
1.067029999999999200e+04
1.099129999999999018e+04
1.109069999999998436e+04
1.076929999999999018e+04
1.089759999999998945e+04
1.062069999999998981e+04
1.075759999999998945e+04
1.104409999999999127e+04
1.079809999999999127e+04
1.104099999999998909e+04
1.116159999999998945e+04
1.113959999999998763e+04
1.084359999999998945e+04
1.126589999999998690e+04
1.117389999999998872e+04
1.101189999999998872e+04
1.109189999999998690e+04
1.095129999999999018e+04
1.112589999999998690e+04
1.102389999999999054e+04
1.096589999999999054e+04
1.081299999999999091e+04
1.066669999999999345e+04
1.099959999999998945e+04
1.127869999999998799e+04
1.107789999999999054e+04
1.110569999999998799e+04
1.087359999999999309e+04
1.072769999999998981e+04
1.105659999999999127e+04
1.100389999999999054e+04
1.088989999999999236e+04
1.095699999999998909e+04
1.107959999999998581e+04
1.077959999999999127e+04
1.098589999999999054e+04
1.081759999999998945e+04
1.102359999999998581e+04
1.091589999999999054e+04
1.107129999999999200e+04
1.103199999999999091e+04
1.074959999999999127e+04
1.068789999999999236e+04
1.068859999999999309e+04
1.093659999999999127e+04
1.119519999999998618e+04
1.108919999999998618e+04
1.102539999999998872e+04
1.085639999999998872e+04
1.103499999999999272e+04
1.081189999999999054e+04
1.129789999999998690e+04
1.116589999999998508e+04
1.103589999999999054e+04
1.113489999999998508e+04
1.091189999999999054e+04
1.066869999999999345e+04
1.088599999999999091e+04
1.092189999999998872e+04
1.101589999999999054e+04
1.097039999999999054e+04
1.076249999999999272e+04
1.091729999999999018e+04
1.087869999999998981e+04
1.101159999999998945e+04
1.093729999999999018e+04
1.100389999999999054e+04
1.124989999999998508e+04
1.107789999999998508e+04
1.104159999999998945e+04
1.068389999999999236e+04
1.089329999999999018e+04
1.109359999999998581e+04
1.084879999999999200e+04
1.096189999999998872e+04
1.115249999999998545e+04
1.093609999999998945e+04
1.065329999999999200e+04
1.121909999999998399e+04
1.089589999999999054e+04
1.091359999999998945e+04
1.110589999999998690e+04
1.107059999999998581e+04
1.109559999999998763e+04
1.102719999999998799e+04
1.107839999999998872e+04
1.068389999999999418e+04
1.124989999999998872e+04
1.103869999999999163e+04
1.102559999999998945e+04
1.103789999999998872e+04
1.088789999999999054e+04
1.076789999999999236e+04
1.093589999999998872e+04
1.110499999999999091e+04
1.092099999999998909e+04
1.108099999999998909e+04
1.096789999999999054e+04
1.109099999999998545e+04
1.096189999999999054e+04
1.087509999999999127e+04
1.085589999999998872e+04
1.091289999999998872e+04
1.097959999999998945e+04
1.119899999999998545e+04
1.104589999999998872e+04
1.105789999999999054e+04
1.123379999999998654e+04
1.101589999999999054e+04
1.106359999999998763e+04
1.097889999999999236e+04
1.111949999999998909e+04
1.111189999999998690e+04
1.096189999999999054e+04
1.104289999999999054e+04
1.103359999999999127e+04
1.098189999999999054e+04
1.087069999999999163e+04
1.082789999999999054e+04
1.082059999999998945e+04
1.113329999999998472e+04
1.099359999999998945e+04
1.102559999999999127e+04
1.111389999999998690e+04
1.089789999999998872e+04
1.092389999999998872e+04
1.063729999999999200e+04
1.117129999999998654e+04
1.094779999999999018e+04
1.118989999999998508e+04
1.101159999999998763e+04
1.093159999999999309e+04
1.086589999999998872e+04
1.105729999999998654e+04
1.117579999999998654e+04
1.104709999999998945e+04
1.105789999999999054e+04
1.107389999999998508e+04
1.107809999999998945e+04
1.101789999999999054e+04
1.100389999999999054e+04
1.104899999999998909e+04
1.108759999999998945e+04
1.076159999999998945e+04
1.078009999999999127e+04
1.097469999999998981e+04
1.110299999999998727e+04
1.082129999999999018e+04
1.105189999999998872e+04
1.110299999999998909e+04
1.090109999999999127e+04
1.097959999999998945e+04
1.118189999999998690e+04
1.116589999999998508e+04
1.096189999999998872e+04
1.093899999999999091e+04
1.106369999999998981e+04
1.097589999999999054e+04
1.084929999999999018e+04
1.088389999999998872e+04
1.090689999999999054e+04
1.106299999999998545e+04
1.090589999999998872e+04
1.108789999999998508e+04
1.112739999999999054e+04
1.091389999999998872e+04
1.092929999999999018e+04
1.106319999999998799e+04
1.109759999999998581e+04
1.104929999999999200e+04
1.097589999999998872e+04
1.118389999999998690e+04
1.108789999999998690e+04
1.116869999999998618e+04
1.105069999999999163e+04
1.115989999999998508e+04
1.086289999999999054e+04
1.097359999999999127e+04
1.127989999999998690e+04
1.092759999999998945e+04
1.104159999999998945e+04
1.099989999999999054e+04
1.091989999999999054e+04
1.087759999999998945e+04
1.111359999999998945e+04
1.115589999999998508e+04
1.120789999999998508e+04
1.119989999999998508e+04
1.108299999999999091e+04
1.108189999999998872e+04
1.089789999999998872e+04
1.112989999999998508e+04
1.082529999999999018e+04
1.113189999999998690e+04
1.106329999999998654e+04
1.097189999999998872e+04
1.109689999999999054e+04
1.092029999999999018e+04
1.112239999999998690e+04
1.102719999999998981e+04
1.113699999999998545e+04
1.118029999999998654e+04
1.099189999999998872e+04
1.115929999999998472e+04
1.098289999999999054e+04
1.101739999999999054e+04
1.086559999999999127e+04
1.116589999999998690e+04
1.100589999999999054e+04
1.101589999999999054e+04
1.093129999999999018e+04
1.107119999999998981e+04
1.106389999999999054e+04
1.118469999999998436e+04
1.091159999999999127e+04
1.099069999999998981e+04
1.103959999999998945e+04
1.117829999999998472e+04
1.095159999999998581e+04
1.120589999999998508e+04
1.118389999999998690e+04
1.121389999999998872e+04
1.125559999999998763e+04
1.107189999999999054e+04
1.090569999999998981e+04
1.101989999999998872e+04
1.088409999999998945e+04
1.109289999999998508e+04
1.104189999999999054e+04
1.108189999999998872e+04
1.096439999999999054e+04
1.086989999999999054e+04
1.112589999999998690e+04
1.117819999999998618e+04
1.100189999999999054e+04
1.112389999999998508e+04
1.119449999999998727e+04
1.125789999999998690e+04
1.125189999999998872e+04
1.113789999999998508e+04
1.131329999999998836e+04
1.097359999999998945e+04
1.112189999999998690e+04
1.095389999999999054e+04
1.108189999999998690e+04
1.104589999999999054e+04
1.106389999999999054e+04
1.108589999999999054e+04
1.106389999999999054e+04
1.094839999999999054e+04
1.103789999999999054e+04
1.100989999999999054e+04
1.113989999999998690e+04
1.101829999999999018e+04
1.106519999999999163e+04
1.097389999999999054e+04
1.120609999999998581e+04
1.087189999999999236e+04
1.126499999999998909e+04
1.097529999999999018e+04
1.100389999999999054e+04
1.123589999999998690e+04
1.125389999999998872e+04
1.117369999999998799e+04
1.127559999999998763e+04
1.125929999999999018e+04
1.119189999999998690e+04
1.069309999999999309e+04
1.115989999999999054e+04
1.129989999999998872e+04
1.116389999999998690e+04
1.113759999999998581e+04
1.095189999999999054e+04
1.114359999999998399e+04
1.084789999999999054e+04
1.124959999999998581e+04
1.101389999999998872e+04
1.088219999999998981e+04
1.097789999999999054e+04
1.104599999999999091e+04
1.120999999999998727e+04
1.118389999999998690e+04
1.097809999999999127e+04
1.105589999999999054e+04
1.108389999999998872e+04
1.095789999999998872e+04
1.120989999999998508e+04
1.108689999999998872e+04
1.129069999999998799e+04
1.100389999999999054e+04
1.113989999999998690e+04
1.108549999999998727e+04
1.093889999999999054e+04
1.102469999999998981e+04
1.110189999999998872e+04
1.107189999999998872e+04
1.097109999999999127e+04
1.108189999999998690e+04
1.107569999999998981e+04
1.110259999999998763e+04
1.117389999999998690e+04
1.103019999999998981e+04
1.089919999999999163e+04
1.106759999999998399e+04
1.089589999999999054e+04
1.092789999999998872e+04
1.111189999999998690e+04
1.111789999999999054e+04
1.117789999999998508e+04
1.109589999999998508e+04
1.129589999999998690e+04
1.100789999999999054e+04
1.088809999999998945e+04
1.109989999999998508e+04
1.119589999999998690e+04
1.112269999999998981e+04
1.127759999999998763e+04
1.110959999999998581e+04
1.126529999999999018e+04
1.116609999999998581e+04
1.086339999999999054e+04
1.095159999999999127e+04
1.106389999999998872e+04
1.112789999999998508e+04
1.084989999999999054e+04
1.104589999999998872e+04
1.108009999999998945e+04
1.098189999999999054e+04
1.111129999999999200e+04
1.118899999999998545e+04
1.125389999999998690e+04
1.112469999999998618e+04
1.116189999999998690e+04
1.106499999999999091e+04
1.121009999999998581e+04
1.116989999999998690e+04
1.099809999999998945e+04
1.122559999999998581e+04
1.102169999999998981e+04
1.118189999999998508e+04
1.107989999999999054e+04
1.137759999999998763e+04
1.117099999999998545e+04
1.113589999999998508e+04
1.107789999999999054e+04
1.114189999999998690e+04
1.105589999999999054e+04
1.124789999999998508e+04
1.109809999999998945e+04
1.103489999999998690e+04
1.105989999999998872e+04
1.115389999999998690e+04
1.118079999999998472e+04
1.107589999999998690e+04
1.118559999999998581e+04
1.111389999999998508e+04
1.106189999999998872e+04
1.101919999999998981e+04
1.118169999999998436e+04
1.107169999999998618e+04
1.114989999999998690e+04
1.121989999999998508e+04
1.125109999999998581e+04
1.108639999999998690e+04
1.131159999999998763e+04
1.095849999999999272e+04
1.105649999999999091e+04
1.115989999999998508e+04
1.087789999999999054e+04
1.121789999999998508e+04
1.103129999999999018e+04
1.126309999999998581e+04
1.122159999999998581e+04
1.121159999999998581e+04
1.118189999999998690e+04
1.130389999999998690e+04
1.125189999999998690e+04
1.104389999999998872e+04
1.118989999999998508e+04
1.121589999999998508e+04
1.098789999999999054e+04
1.127589999999998872e+04
1.115989999999998508e+04
1.124209999999998581e+04
1.107129999999998836e+04
1.126869999999998436e+04
1.101789999999999236e+04
1.125589999999998690e+04
1.108159999999998945e+04
1.121499999999998545e+04
1.127589999999998690e+04
1.121899999999998545e+04
1.122929999999998654e+04
1.117589999999998690e+04
1.121189999999998508e+04
1.119289999999998690e+04
1.127189999999998872e+04
1.114989999999998690e+04
1.112089999999998872e+04
1.122559999999998399e+04
1.116989999999998690e+04
1.121119999999998618e+04
1.122959999999998581e+04
1.111989999999998872e+04
1.122189999999998508e+04
1.089389999999998872e+04
1.120389999999998508e+04
1.128989999999998690e+04
1.111389999999998872e+04
1.106789999999999054e+04
1.109469999999998981e+04
1.123469999999998618e+04
1.124989999999998690e+04
1.114759999999998763e+04
1.106759999999998945e+04
1.124789999999998508e+04
1.123189999999998508e+04
1.114389999999998690e+04
1.116789999999998690e+04
1.090989999999998872e+04
1.123589999999998508e+04
1.122759999999998581e+04
1.115549999999998727e+04
1.109889999999999054e+04
1.106759999999999127e+04
1.122389999999998508e+04
1.127469999999998618e+04
1.125789999999998690e+04
1.127869999999998799e+04
1.120959999999998581e+04
1.124759999999998763e+04
1.121989999999998690e+04
1.126289999999998690e+04
1.117159999999998581e+04
1.117059999999998581e+04
1.123589999999998690e+04
1.113589999999998690e+04
1.132189999999998872e+04
1.127189999999998872e+04
1.117389999999998690e+04
1.095189999999998872e+04
1.111789999999998872e+04
1.124359999999998581e+04
1.119989999999998508e+04
1.128559999999998763e+04
1.113159999999998945e+04
1.121589999999998508e+04
1.116989999999998690e+04
1.101389999999999054e+04
1.096559999999998399e+04
1.128929999999998654e+04
1.114759999999998581e+04
1.105359999999999127e+04
1.124499999999998545e+04
1.117189999999998508e+04
1.129789999999998872e+04
1.113359999999998763e+04
1.107159999999998581e+04
1.131359999999998763e+04
1.080389999999999054e+04
1.131159999999998763e+04
1.116789999999998872e+04
1.106789999999998872e+04
1.124989999999998690e+04
1.126119999999998618e+04
1.122759999999998581e+04
1.122789999999998508e+04
1.132689999999998872e+04
1.130069999999998799e+04
1.106589999999999054e+04
1.114009999999998945e+04
1.127589999999998690e+04
1.115159999999998945e+04
1.119009999999998581e+04
1.124289999999998508e+04
1.125189999999998508e+04
1.115439999999998508e+04
1.127459999999998763e+04
1.126819999999998799e+04
1.125589999999998508e+04
1.135129999999998836e+04
1.123429999999998836e+04
1.134389999999998690e+04
1.117689999999998508e+04
1.126989999999998872e+04
1.107069999999999163e+04
1.129589999999998690e+04
1.129589999999998690e+04
1.122899999999998545e+04
1.133559999999998763e+04
1.129789999999998690e+04
1.086189999999999236e+04
1.105759999999999127e+04
1.129789999999998872e+04
1.121689999999998508e+04
1.126529999999998654e+04
1.128559999999998581e+04
1.126589999999998872e+04
1.115909999999998763e+04
1.126929999999998654e+04
1.126839999999998508e+04
1.123989999999998690e+04
1.115189999999998690e+04
1.112399999999998727e+04
1.129699999999998727e+04
1.124719999999998618e+04
1.124589999999998508e+04
1.117639999999998508e+04
1.121189999999998508e+04
1.126789999999998508e+04
1.121589999999998508e+04
1.126289999999998508e+04
1.133469999999998799e+04
1.128889999999998690e+04
1.108189999999999054e+04
1.131389999999998872e+04
1.119189999999998508e+04
1.137389999999998690e+04
1.120489999999998690e+04
1.113189999999998690e+04
1.133529999999998836e+04
1.134189999999998872e+04
1.123889999999998690e+04
1.127159999999998581e+04
1.125189999999998508e+04
1.138389999999998690e+04
1.139389999999998690e+04
1.137389999999998690e+04
1.133189999999998872e+04
1.131989999999998690e+04
1.133589999999998872e+04
1.130789999999998872e+04
1.131789999999998690e+04
1.130589999999998690e+04
1.134989999999998872e+04
1.133099999999998909e+04
1.126209999999998763e+04
1.131189999999998690e+04
1.134359999999998763e+04
1.130789999999998872e+04
1.127699999999998545e+04
1.125489999999998508e+04
1.126359999999998763e+04
1.123929999999998472e+04
1.135989999999998690e+04
1.131189999999998872e+04
1.126229999999998654e+04
1.133989999999998872e+04
1.134589999999998872e+04
1.126329999999998472e+04
1.132389999999998690e+04
1.126589999999998508e+04
1.121189999999998508e+04
1.137089999999998690e+04
1.132299999999998727e+04
1.134699999999998909e+04
1.129299999999998727e+04
1.129989999999998690e+04
1.132389999999998872e+04
1.124989999999998508e+04
1.127759999999998581e+04
1.133489999999998872e+04
1.128389999999998690e+04
1.115789999999998690e+04
1.136959999999998763e+04
1.124389999999998508e+04
1.131319999999998799e+04
1.133569999999999163e+04
1.126829999999998836e+04
1.128439999999998690e+04
1.117989999999998508e+04
1.130989999999998690e+04
1.132579999999998836e+04
1.131959999999998763e+04
1.129609999999998763e+04
1.133499999999998727e+04
1.126389999999998508e+04
1.130129999999999018e+04
1.124889999999998508e+04
1.132119999999998981e+04
1.127869999999998799e+04
1.129699999999998545e+04
1.114059999999998763e+04
1.120899999999998727e+04
1.132999999999998909e+04
1.130609999999998763e+04
1.126989999999998508e+04
1.126359999999998763e+04
1.107639999999999054e+04
1.136099999999998545e+04
1.132589999999998872e+04
1.131969999999998981e+04
1.127629999999998654e+04
1.129329999999998654e+04
1.129749999999998727e+04
1.135349999999998909e+04
1.133989999999998872e+04
1.118589999999998508e+04
1.134839999999998872e+04
1.130409999999998763e+04
1.129719999999998981e+04
1.127499999999998727e+04
1.131429999999999018e+04
1.109899999999999091e+04
1.115589999999998690e+04
1.128259999999999127e+04
1.128789999999998690e+04
1.129589999999998690e+04
1.118829999999998472e+04
1.121499999999998545e+04
1.128049999999998909e+04
1.133559999999998763e+04
1.129169999999998981e+04
1.123829999999999018e+04
1.123699999999998545e+04
1.131799999999998909e+04
1.121389999999998690e+04
1.134639999999998872e+04
1.116439999999998872e+04
1.120939999999999054e+04
1.125829999999998472e+04
1.132599999999998909e+04
1.135989999999998872e+04
1.138359999999998581e+04
1.136389999999998690e+04
1.134269999999998981e+04
1.129589999999998690e+04
1.130189999999998690e+04
1.134789999999998872e+04
1.125589999999998508e+04
1.134949999999998909e+04
1.133449999999998909e+04
1.124279999999998654e+04
1.129959999999998763e+04
1.132159999999998763e+04
1.126689999999998690e+04
1.133389999999998872e+04
1.129359999999998581e+04
1.129389999999998872e+04
1.132609999999998945e+04
1.134789999999998872e+04
1.131589999999998690e+04
1.131809999999998763e+04
1.125559999999998581e+04
1.102709999999998945e+04
1.133289999999998872e+04
1.128389999999998690e+04
1.128989999999998508e+04
1.132489999999998690e+04
1.133059999999998763e+04
1.131639999999998872e+04
1.128189999999998872e+04
1.117689999999998690e+04
1.130959999999998581e+04
1.138289999999998690e+04
1.126189999999998508e+04
1.133589999999998872e+04
1.130189999999998872e+04
1.125369999999998618e+04
1.135989999999998690e+04
1.129159999999998581e+04
1.119359999999998581e+04
1.133389999999998872e+04
1.124929999999998654e+04
1.126189999999998508e+04
1.137899999999998727e+04
1.134789999999998872e+04
1.129669999999998618e+04
1.131189999999998872e+04
1.130959999999998945e+04
1.131989999999998872e+04
1.128399999999998909e+04
1.125279999999998836e+04
1.129369999999998618e+04
1.124559999999998763e+04
1.126049999999998545e+04
1.132989999999998872e+04
1.133189999999998872e+04
1.125299999999998909e+04
1.135989999999998690e+04
1.128389999999998872e+04
1.129189999999998690e+04
1.129489999999998872e+04
1.128489999999998872e+04
1.122589999999998508e+04
1.124989999999998508e+04
1.132789999999998872e+04
1.128409999999998763e+04
1.131529999999998836e+04
1.131589999999998872e+04
1.132349999999998727e+04
1.131989999999998690e+04
1.133789999999998872e+04
1.130459999999998763e+04
1.117189999999998872e+04
1.095789999999999054e+04
1.135589999999998690e+04
1.126039999999998690e+04
1.136719999999998981e+04
1.139129999999998654e+04
1.123339999999998327e+04
1.138839999999998872e+04
1.134959999999998763e+04
1.122559999999998581e+04
1.133009999999998945e+04
1.126739999999998872e+04
1.129279999999999018e+04
1.137399999999998727e+04
1.135739999999998690e+04
1.137329999999998654e+04
1.137589999999998690e+04
1.136389999999998690e+04
1.130189999999998690e+04
1.136589999999998690e+04
1.132789999999998690e+04
1.133759999999998763e+04
1.135589999999998872e+04
1.135169999999998981e+04
1.131559999999998763e+04
1.130559999999998763e+04
1.131389999999998690e+04
1.130959999999998763e+04
1.131589999999998690e+04
1.133359999999998763e+04
1.135129999999998836e+04
1.131959999999998763e+04
1.131289999999998690e+04
1.125729999999998472e+04
1.132129999999998836e+04
1.135789999999998690e+04
1.134989999999998872e+04
1.131189999999998872e+04
1.128389999999998508e+04
1.126089999999998872e+04
1.137759999999998763e+04
1.133729999999998836e+04
1.128789999999998690e+04
1.134359999999998763e+04
1.133189999999998872e+04
1.132189999999998872e+04
1.134059999999998945e+04
1.133529999999999018e+04
1.131789999999998872e+04
1.135869999999998799e+04
1.136679999999999200e+04
1.122689999999998690e+04
1.137389999999998690e+04
1.133989999999998872e+04
1.134189999999998872e+04
1.131589999999998690e+04
1.133499999999998909e+04
1.133789999999998690e+04
1.127159999999998581e+04
1.131189999999998872e+04
1.134589999999998872e+04
1.132789999999998872e+04
1.123989999999998508e+04
1.132789999999998872e+04
1.139359999999998763e+04
1.120829999999998654e+04
1.129859999999998763e+04
1.107989999999998872e+04
1.137869999999998799e+04
1.130989999999998872e+04
1.132359999999998763e+04
1.134899999999998727e+04
1.133959999999998763e+04
1.132589999999998872e+04
1.133209999999998945e+04
1.119989999999998690e+04
1.133129999999998836e+04
1.131669999999998981e+04
1.128989999999998690e+04
1.129989999999998690e+04
1.137789999999998690e+04
1.130209999999998581e+04
1.128789999999998872e+04
1.116679999999998654e+04
1.138039999999998872e+04
1.134129999999998836e+04
1.128189999999998690e+04
1.129539999999998872e+04
1.120989999999998690e+04
1.135389999999998690e+04
1.135559999999998763e+04
1.136529999999998836e+04
1.135789999999998872e+04
1.135789999999998690e+04
1.133189999999998872e+04
1.131649999999998909e+04
1.132069999999998799e+04
1.134799999999998727e+04
1.132869999999998799e+04
1.131059999999998763e+04
1.132099999999998727e+04
1.129599999999998727e+04
1.134149999999998727e+04
1.132559999999998763e+04
1.130759999999998763e+04
1.127759999999998581e+04
1.135129999999998836e+04
1.133589999999998872e+04
1.132409999999998945e+04
1.133529999999999018e+04
1.132599999999998727e+04
1.133589999999998872e+04
1.136209999999998763e+04
1.127019999999998618e+04
1.132759999999998763e+04
1.127789999999998690e+04
1.132899999999998909e+04
1.132099999999998727e+04
1.130589999999998690e+04
1.127029999999998654e+04
1.133609999999998763e+04
1.136229999999999018e+04
1.131569999999998981e+04
1.130289999999998872e+04
1.135119999999999345e+04
1.131619999999998799e+04
1.129389999999998690e+04
1.130389999999998690e+04
1.133889999999998690e+04
1.131729999999998654e+04
1.125689999999998872e+04
1.131589999999998690e+04
1.137389999999998690e+04
1.134929999999998836e+04
1.136589999999998690e+04
1.136989999999998690e+04
1.132989999999998872e+04
1.137129999999998654e+04
1.130819999999998799e+04
1.137789999999998690e+04
1.130989999999998872e+04
1.137789999999998690e+04
1.131789999999998690e+04
1.128259999999998581e+04
1.136129999999998836e+04
1.135389999999998872e+04
1.135389999999998872e+04
1.133989999999998872e+04
1.132289999999998690e+04
1.127589999999998690e+04
1.134159999999998763e+04
1.132189999999998872e+04
1.135989999999998872e+04
1.131789999999998690e+04
1.135119999999998799e+04
1.134559999999998763e+04
1.124989999999998508e+04
1.129189999999998690e+04
1.125989999999998508e+04
1.134489999999998872e+04
1.108489999999998690e+04
1.134389999999998872e+04
1.130589999999998872e+04
1.137359999999998763e+04
1.132089999999998872e+04
1.136989999999998690e+04
1.137189999999998690e+04
1.133789999999998872e+04
1.133359999999998763e+04
1.136589999999998690e+04
1.129839999999998690e+04
1.128789999999998690e+04
1.136589999999998690e+04
1.133389999999998872e+04
1.134589999999998872e+04
1.132519999999998799e+04
1.116189999999998690e+04
1.137159999999998581e+04
1.132189999999998872e+04
1.133989999999998872e+04
1.128049999999998545e+04
1.134189999999998872e+04
1.129719999999998799e+04
1.136189999999998690e+04
1.122189999999998508e+04
1.136989999999998690e+04
1.136989999999998690e+04
1.133179999999999018e+04
1.137299999999998727e+04
1.132989999999998872e+04
1.137189999999998690e+04
1.135359999999998763e+04
1.137189999999998690e+04
1.137099999999998727e+04
1.136199999999998909e+04
1.137729999999998836e+04
1.132679999999998654e+04
1.133559999999998945e+04
1.133529999999998836e+04
1.124789999999998508e+04
1.128539999999998872e+04
1.130209999999998763e+04
1.137759999999998763e+04
1.135159999999998945e+04
1.114519999999998981e+04
1.130929999999999018e+04
1.135759999999998763e+04
1.127099999999998545e+04
1.134789999999998690e+04
1.131929999999998836e+04
1.134189999999998690e+04
1.137189999999998690e+04
1.132789999999998872e+04
1.133089999999998872e+04
1.133329999999998836e+04
1.125389999999998508e+04
1.135609999999998763e+04
1.135009999999998763e+04
1.129409999999998399e+04
1.139789999999998690e+04
1.139789999999998690e+04
1.131129999999998836e+04
1.136559999999998763e+04
1.133189999999998872e+04
1.135619999999998799e+04
1.135869999999999163e+04
1.130799999999998909e+04
1.133879999999999200e+04
1.136109999999999127e+04
1.135979999999998836e+04
1.138259999999998763e+04
1.139279999999998654e+04
1.139129999999998654e+04
1.136759999999998763e+04
1.126669999999998436e+04
1.137289999999998690e+04
1.131839999999998872e+04
1.125989999999998690e+04
1.135369999999998799e+04
1.136519999999998799e+04
1.135089999999998690e+04
1.135629999999999018e+04
1.138869999999998799e+04
1.138529999999998654e+04
1.139469999999998618e+04
1.133959999999998763e+04
1.138989999999998690e+04
1.138099999999998545e+04
1.134239999999998690e+04
1.134589999999998690e+04
1.137099999999998727e+04
1.121189999999998508e+04
1.136189999999998690e+04
1.133189999999998690e+04
1.134989999999998690e+04
1.137499999999998909e+04
1.139329999999998836e+04
1.131189999999998690e+04
1.138589999999998690e+04
1.130989999999998690e+04
1.137789999999998690e+04
1.136609999999998763e+04
1.137959999999998581e+04
1.132159999999998763e+04
1.135269999999998799e+04
1.137099999999998727e+04
1.134839999999998872e+04
1.129799999999998545e+04
1.136589999999998872e+04
1.137329999999998654e+04
1.133389999999998872e+04
1.135389999999998872e+04
1.134929999999999018e+04
1.134109999999998763e+04
1.134159999999998763e+04
1.134489999999998690e+04
1.136719999999998799e+04
1.136189999999998690e+04
1.138389999999998690e+04
1.136559999999998763e+04
1.133959999999998763e+04
1.121589999999998690e+04
1.131899999999998727e+04
1.131479999999998836e+04
1.135789999999998690e+04
1.131389999999998872e+04
1.137869999999998799e+04
1.138989999999998690e+04
1.136189999999998872e+04
1.134729999999998836e+04
1.131749999999998727e+04
1.135759999999998763e+04
1.135789999999998872e+04
1.128189999999998508e+04
1.129729999999998654e+04
1.136839999999998690e+04
1.132499999999998909e+04
1.136839999999998690e+04
1.135159999999998763e+04
1.126779999999998836e+04
1.128959999999998763e+04
1.121629999999998472e+04
1.128909999999998581e+04
1.132299999999998727e+04
1.124809999999998763e+04
1.136199999999998727e+04
1.133259999999998763e+04
1.135539999999998872e+04
1.139009999999998581e+04
1.139189999999998690e+04
1.135559999999998581e+04
1.138559999999998763e+04
1.137159999999998763e+04
1.136669999999998799e+04
1.130339999999998690e+04
1.137729999999998836e+04
1.135889999999998872e+04
1.134069999999998981e+04
1.135989999999998690e+04
1.133559999999998763e+04
1.135989999999998690e+04
1.138389999999998690e+04
1.134879999999998654e+04
1.122329999999998472e+04
1.137209999999998763e+04
1.137189999999998690e+04
1.122189999999998508e+04
1.131759999999998763e+04
1.105559999999999127e+04
1.132929999999998836e+04
1.130579999999998836e+04
1.133009999999998945e+04
1.131829999999998836e+04
1.134539999999999054e+04
1.137359999999998945e+04
1.134939999999998872e+04
1.136739999999998872e+04
1.138939999999998690e+04
1.137659999999998763e+04
1.134799999999998727e+04
1.134239999999999054e+04
1.133059999999998763e+04
1.139039999999998690e+04
1.131189999999998690e+04
1.138299999999998727e+04
1.135369999999998981e+04
1.135359999999998763e+04
1.116439999999998690e+04
1.138359999999998581e+04
1.138789999999998690e+04
1.133789999999998872e+04
1.117899999999998545e+04
1.135189999999998690e+04
1.138389999999998690e+04
1.134079999999998654e+04
1.135559999999998763e+04
1.136189999999998872e+04
1.139789999999998690e+04
1.135789999999998690e+04
1.134229999999998654e+04
1.138329999999998654e+04
1.135329999999998836e+04
1.136959999999998763e+04
1.132759999999998945e+04
1.134589999999998690e+04
1.134959999999998763e+04
1.135759999999998763e+04
1.137559999999998763e+04
1.134589999999998690e+04
1.136789999999998690e+04
1.138069999999998618e+04
1.137789999999998690e+04
1.125069999999998618e+04
1.135359999999998763e+04
1.136989999999998690e+04
1.135729999999998654e+04
1.132789999999998872e+04
1.137559999999998763e+04
1.135189999999998690e+04
1.137359999999998763e+04
1.126369999999998618e+04
1.132699999999998909e+04
1.125189999999998508e+04
1.134529999999998654e+04
1.129889999999998872e+04
1.135039999999998690e+04
1.133529999999998836e+04
1.133059999999998763e+04
1.136919999999998799e+04
1.135009999999998945e+04
1.124939999999998690e+04
1.133469999999998799e+04
1.110529999999998836e+04
1.113659999999998581e+04
1.139189999999998872e+04
1.137939999999998872e+04
1.136799999999998727e+04
1.138399999999998727e+04
1.136639999999998690e+04
1.138899999999998727e+04
1.137959999999998763e+04
1.138059999999998763e+04
1.134099999999998909e+04
1.134669999999998799e+04
1.138959999999998581e+04
1.138959999999998763e+04
1.135759999999998763e+04
1.138989999999998690e+04
1.134989999999998872e+04
1.136329999999998836e+04
1.138959999999998581e+04
1.136759999999998763e+04
1.137929999999998654e+04
1.137789999999998690e+04
1.136559999999998763e+04
1.118759999999998763e+04
1.137589999999998690e+04
1.138989999999998690e+04
1.137019999999998799e+04
1.138899999999998545e+04
1.137389999999998690e+04
1.135189999999998872e+04
1.136989999999998690e+04
1.136189999999998690e+04
1.135989999999998690e+04
1.137089999999998690e+04
1.134919999999998799e+04
1.134759999999998763e+04
1.133299999999998909e+04
1.132669999999998799e+04
1.137359999999998763e+04
1.124129999999998836e+04
1.133959999999998763e+04
1.134359999999998763e+04
1.104559999999998945e+04
1.138139999999998872e+04
1.135159999999998763e+04
1.134179999999999018e+04
1.132409999999998763e+04
1.139329999999998654e+04
1.138439999999998690e+04
1.134069999999998981e+04
1.125569999999998618e+04
1.135909999999998945e+04
1.138329999999998654e+04
1.135989999999998872e+04
1.139189999999998690e+04
1.137329999999998836e+04
1.136699999999998727e+04
1.136069999999998799e+04
1.134899999999998909e+04
1.111279999999999200e+04
1.137989999999998690e+04
1.128719999999998981e+04
1.129269999999998799e+04
1.133839999999998690e+04
1.126699999999998909e+04
1.130259999999998945e+04
1.131549999999998909e+04
1.134789999999998872e+04
1.128669999999998799e+04
1.130539999999998872e+04
1.134659999999998763e+04
1.135309999999998763e+04
1.136929999999998836e+04
1.135109999999998763e+04
1.131389999999998872e+04
1.133189999999998872e+04
1.138269999999998618e+04
1.133369999999998799e+04
1.139789999999998690e+04
1.132589999999998872e+04
1.137189999999998690e+04
1.136439999999998690e+04
1.132419999999998799e+04
1.131089999999998690e+04
1.137989999999998690e+04
1.138589999999998690e+04
1.126689999999998508e+04
1.127899999999998727e+04
1.136929999999998654e+04
1.130899999999998727e+04
1.137569999999998799e+04
1.137829999999998836e+04
1.135559999999998763e+04
1.133689999999998872e+04
1.130239999999998872e+04
1.133069999999998799e+04
1.138389999999998690e+04
1.136689999999998690e+04
1.130559999999998581e+04
1.134349999999998909e+04
1.137589999999998690e+04
1.138039999999998690e+04
1.132179999999998836e+04
1.130389999999998690e+04
1.125499999999998545e+04
1.133599999999999091e+04
1.138219999999998799e+04
1.137789999999998690e+04
1.136719999999998799e+04
1.133789999999998690e+04
1.139379999999998654e+04
1.135869999999998799e+04
1.136959999999998763e+04
1.131589999999998690e+04
1.138039999999998690e+04
1.133069999999998981e+04
1.135759999999998763e+04
1.129029999999998654e+04
1.136289999999998690e+04
1.135829999999998836e+04
1.122959999999998945e+04
1.133669999999998799e+04
1.133589999999998690e+04
1.137959999999998763e+04
1.131779999999998654e+04
1.131849999999999091e+04
1.137179999999998654e+04
1.128669999999998618e+04
1.128509999999998945e+04
1.133529999999998836e+04
1.135929999999998836e+04
1.138899999999998545e+04
1.137129999999998836e+04
1.137009999999998763e+04
1.135839999999998872e+04
1.139329999999998654e+04
1.136019999999998981e+04
1.135099999999998727e+04
1.135259999999998763e+04
1.131899999999998909e+04
1.136199999999998727e+04
1.123789999999998690e+04
1.132929999999998836e+04
1.123189999999998508e+04
1.128989999999998690e+04
1.137749999999998909e+04
1.129969999999998981e+04
1.138299999999998545e+04
1.134269999999998799e+04
1.129469999999998618e+04
1.137169999999998799e+04
1.137989999999998690e+04
1.136899999999998727e+04
1.135279999999999018e+04
1.135899999999998727e+04
1.134129999999999018e+04
1.133779999999998654e+04
1.132669999999998799e+04
1.137789999999998690e+04
1.138789999999998690e+04
1.135579999999998836e+04
1.135989999999998872e+04
1.138129999999998654e+04
1.138589999999998690e+04
1.135389999999998690e+04
1.136559999999998763e+04
1.137389999999998690e+04
1.137159999999998763e+04
1.129439999999998690e+04
1.134389999999998690e+04
1.130189999999998872e+04
1.115159999999998581e+04
1.135909999999998763e+04
1.137589999999998690e+04
1.137069999999998618e+04
1.136529999999998654e+04
1.136809999999998763e+04
1.136689999999998690e+04
1.138389999999998690e+04
1.133589999999998872e+04
1.133379999999998836e+04
1.135359999999998945e+04
1.130749999999998727e+04
1.136989999999998690e+04
1.134839999999998690e+04
1.126389999999998690e+04
1.130469999999998799e+04
1.134699999999998909e+04
1.123259999999999127e+04
1.109189999999999054e+04
1.131269999999998981e+04
1.133109999999998945e+04
1.137579999999998836e+04
1.137269999999998799e+04
1.136159999999998763e+04
1.134759999999998763e+04
1.135929999999998836e+04
1.130789999999998690e+04
1.133149999999998909e+04
1.138189999999998690e+04
1.135899999999998909e+04
1.132929999999998836e+04
1.133189999999998690e+04
1.111389999999999054e+04
1.136159999999998763e+04
1.133519999999998799e+04
1.135189999999998690e+04
1.136949999999998727e+04
1.139189999999998690e+04
1.137299999999998727e+04
1.135059999999998763e+04
1.138989999999998690e+04
1.131899999999998727e+04
1.128409999999998581e+04
1.132529999999998836e+04
1.138529999999998654e+04
1.132099999999998727e+04
1.134159999999998945e+04
1.137319999999998799e+04
1.137239999999998872e+04
1.137669999999998799e+04
1.137589999999998690e+04
1.137709999999998763e+04
1.135389999999998872e+04
1.132659999999998945e+04
1.127979999999998836e+04
1.135809999999998763e+04
1.129959999999998763e+04
1.138589999999998690e+04
1.133589999999998872e+04
1.136189999999998690e+04
1.132179999999998836e+04
1.135809999999998763e+04
1.136649999999998727e+04
1.135559999999998763e+04
1.133639999999998872e+04
1.139729999999998654e+04
1.139579999999998654e+04
1.139159999999998581e+04
1.137269999999998799e+04
1.136789999999998690e+04
1.130029999999998836e+04
1.129359999999998581e+04
1.135379999999998654e+04
1.129629999999998836e+04
1.133559999999998763e+04
1.138179999999998836e+04
1.131439999999998690e+04
1.136929999999998654e+04
1.137759999999998581e+04
1.132499999999998727e+04
1.136559999999998763e+04
1.135239999999998872e+04
1.136429999999998836e+04
1.137609999999998581e+04
1.132059999999998763e+04
1.119959999999998763e+04
1.129209999999998945e+04
1.119579999999998654e+04
1.137559999999998763e+04
1.137339999999998690e+04
1.136899999999998727e+04
1.126259999999998763e+04
1.131359999999998581e+04
1.139159999999998763e+04
1.136569999999998799e+04
1.134759999999998763e+04
1.138499999999998727e+04
1.135789999999998690e+04
1.129159999999998581e+04
1.138119999999998799e+04
1.129729999999998654e+04
1.135689999999998690e+04
1.133589999999998690e+04
1.135389999999998690e+04
1.136589999999998690e+04
1.137499999999998545e+04
1.122809999999998763e+04
1.139669999999998618e+04
1.135209999999998763e+04
1.138899999999998727e+04
1.135359999999998763e+04
1.139189999999998690e+04
1.139549999999998727e+04
1.139399999999998545e+04
1.133589999999998690e+04
1.134989999999998690e+04
1.139209999999998581e+04
1.137969999999998799e+04
1.125629999999998836e+04
1.124089999999998508e+04
1.134219999999998799e+04
1.139359999999998581e+04
1.135929999999998654e+04
1.137849999999998545e+04
1.135469999999998799e+04
1.133809999999998763e+04
1.136469999999998799e+04
1.139789999999998690e+04
1.139589999999998690e+04
1.137269999999998799e+04
1.135919999999998799e+04
1.138089999999998690e+04
1.138589999999998690e+04
1.138299999999998727e+04
1.139669999999998618e+04
1.137809999999998763e+04
1.137359999999998763e+04
1.139389999999998690e+04
1.137239999999998690e+04
1.119949999999998727e+04
1.136679999999998654e+04
1.137269999999998799e+04
1.137489999999998690e+04
1.137759999999998581e+04
1.132959999999998763e+04
1.138899999999998727e+04
1.136189999999998690e+04
1.135389999999998690e+04
1.129149999999998727e+04
1.138559999999998581e+04
1.137359999999998763e+04
1.135179999999998836e+04
1.134899999999998909e+04
1.137329999999998836e+04
1.139159999999998763e+04
1.138899999999998727e+04
1.129789999999998872e+04
1.138009999999998581e+04
1.139589999999998690e+04
1.125889999999998508e+04
1.136959999999998763e+04
1.137939999999998872e+04
1.139729999999998654e+04
1.139789999999998690e+04
1.128379999999998836e+04
1.135659999999998763e+04
1.138759999999998581e+04
1.134039999999998690e+04
1.135589999999998872e+04
1.135359999999998763e+04
1.138299999999998727e+04
1.139159999999998581e+04
1.137759999999998763e+04
1.138629999999998654e+04
1.134159999999998763e+04
1.137649999999998727e+04
1.139759999999998581e+04
1.139249999999998727e+04
1.138439999999998872e+04
1.136979999999998836e+04
1.138149999999998727e+04
1.138769999999998618e+04
1.139159999999998581e+04
1.136349999999998727e+04
1.139129999999998654e+04
1.135389999999998690e+04
1.137159999999998581e+04
1.138189999999998690e+04
1.130959999999998763e+04
1.137949999999998727e+04
1.133469999999998618e+04
1.133729999999999018e+04
1.136029999999998836e+04
1.137389999999998690e+04
1.135769999999998799e+04
1.138609999999998763e+04
1.134589999999998690e+04
1.138759999999998763e+04
1.137099999999998727e+04
1.136109999999998763e+04
1.135599999999998727e+04
1.139729999999998654e+04
1.139699999999998545e+04
1.137129999999998836e+04
1.135689999999998690e+04
1.138669999999998799e+04
1.136139999999998872e+04
1.139189999999998690e+04
1.136549999999998727e+04
1.133389999999998690e+04
1.136159999999998945e+04
1.139389999999998690e+04
1.138989999999998690e+04
1.138639999999998872e+04
1.134699999999998727e+04
1.139129999999998654e+04
1.136059999999998763e+04
1.139189999999998690e+04
1.138159999999998581e+04
1.137319999999998618e+04
1.132879999999998836e+04
1.136349999999998727e+04
1.135899999999998727e+04
1.136329999999998654e+04
1.137409999999998581e+04
1.139759999999998581e+04
1.138529999999998654e+04
1.134839999999998872e+04
1.139699999999998727e+04
1.139789999999998690e+04
1.136269999999998799e+04
1.137779999999998836e+04
1.139729999999998654e+04
1.132989999999998690e+04
1.139469999999998618e+04
1.138359999999998763e+04
1.139789999999998690e+04
1.136789999999998690e+04
1.139699999999998545e+04
1.139789999999998690e+04
1.138529999999998654e+04
1.136159999999998945e+04
1.138559999999998763e+04
1.125389999999998508e+04
1.137389999999998690e+04
1.135159999999998763e+04
1.138589999999998690e+04
1.137559999999998763e+04
1.135589999999998690e+04
1.128159999999998581e+04
1.134789999999998690e+04
1.134729999999998836e+04
1.137059999999998763e+04
1.135189999999998872e+04
1.133589999999998690e+04
1.124529999999998472e+04
1.127949999999999091e+04
1.137779999999998654e+04
1.137179999999998836e+04
1.129839999999998872e+04
1.137409999999998581e+04
1.137589999999998690e+04
1.138089999999998690e+04
1.138569999999998799e+04
1.139249999999998727e+04
1.134869999999998981e+04
1.132689999999998690e+04
1.121389999999998690e+04
1.133559999999998763e+04
1.139459999999998763e+04
1.138719999999998799e+04
1.138149999999998727e+04
1.137639999999998872e+04
1.136289999999998690e+04
1.138589999999998690e+04
1.135109999999998581e+04
1.128329999999998472e+04
1.137859999999998763e+04
1.132509999999998763e+04
1.136389999999998690e+04
1.138359999999998763e+04
1.131259999999998763e+04
1.135839999999998872e+04
1.138849999999998727e+04
1.138589999999998690e+04
1.133989999999998690e+04
1.133269999999998618e+04
1.130089999999998690e+04
1.129009999999998581e+04
1.134039999999998872e+04
1.135839999999998690e+04
1.124719999999998436e+04
1.139359999999998763e+04
1.136029999999998654e+04
1.134129999999998836e+04
1.138959999999998581e+04
1.133559999999998945e+04
1.139609999999998581e+04
1.130869999999998799e+04
1.138559999999998581e+04
1.138889999999998690e+04
1.136479999999998654e+04
1.136099999999998727e+04
1.138239999999998872e+04
1.139699999999998545e+04
1.136339999999998690e+04
1.123529999999998472e+04
1.137499999999998727e+04
1.138389999999998690e+04
1.137549999999998727e+04
1.138389999999998690e+04
1.133789999999998690e+04
1.133759999999998763e+04
1.134959999999998763e+04
1.139729999999998654e+04
1.136959999999998763e+04
1.138359999999998763e+04
1.134999999999998909e+04
1.138439999999998690e+04
1.134959999999998763e+04
1.116469999999998981e+04
1.138929999999998654e+04
1.139789999999998690e+04
1.132529999999998654e+04
1.130149999999998727e+04
1.122979999999998472e+04
1.139429999999998836e+04
1.138719999999998618e+04
1.136989999999998690e+04
1.138729999999998654e+04
1.135409999999998945e+04
1.132119999999998799e+04
1.135519999999998799e+04
1.139289999999998690e+04
1.139489999999998690e+04
1.123419999999998618e+04
1.132419999999998981e+04
1.138649999999998727e+04
1.138299999999998727e+04
1.139019999999998799e+04
1.139269999999998618e+04
1.134989999999998690e+04
1.138589999999998690e+04
1.137699999999998727e+04
1.137389999999998690e+04
1.133189999999998690e+04
1.134839999999998872e+04
1.137119999999998799e+04
1.136629999999998654e+04
1.129699999999998727e+04
1.138189999999998690e+04
1.139559999999998581e+04
1.139189999999998690e+04
1.137759999999998763e+04
1.139789999999998690e+04
1.139519999999998618e+04
1.127129999999998472e+04
1.138589999999998690e+04
1.126559999999998399e+04
1.139789999999998690e+04
1.138559999999998581e+04
1.134699999999998727e+04
1.138099999999998727e+04
1.137809999999998763e+04
1.135329999999998654e+04
1.136529999999998654e+04
1.135389999999998690e+04
1.130489999999998690e+04
1.135929999999998654e+04
1.138779999999998836e+04
1.129239999999998872e+04
1.122899999999998545e+04
1.138289999999998690e+04
1.139639999999998690e+04
1.138559999999998763e+04
1.138399999999998727e+04
1.133729999999998654e+04
1.139609999999998763e+04
1.139789999999998690e+04
1.138609999999998763e+04
1.137499999999998727e+04
1.139159999999998581e+04
1.132989999999998872e+04
1.139349999999998727e+04
1.134889999999998872e+04
1.137009999999998763e+04
1.139189999999998690e+04
1.110239999999999236e+04
1.120159999999998581e+04
1.131789999999998872e+04
1.132959999999998763e+04
1.138359999999998763e+04
1.136759999999998763e+04
1.135989999999998690e+04
1.133699999999998909e+04
1.136529999999998836e+04
1.137529999999998654e+04
1.136099999999998727e+04
1.136989999999998690e+04
1.137099999999998727e+04
1.134699999999998727e+04
1.136519999999998799e+04
1.133589999999998872e+04
1.129809999999998763e+04
1.134559999999998763e+04
1.135859999999998763e+04
1.134899999999999091e+04
1.136779999999998836e+04
1.137069999999998799e+04
1.134729999999998836e+04
1.139429999999998654e+04
1.135639999999998872e+04
1.136059999999998763e+04
1.126249999999998545e+04
1.137269999999998618e+04
1.139189999999998872e+04
1.130449999999998909e+04
1.135179999999998836e+04
1.138269999999998799e+04
1.138929999999998654e+04
1.138499999999998727e+04
1.136419999999998981e+04
1.138589999999998690e+04
1.138699999999998727e+04
1.134269999999998799e+04
1.137559999999998581e+04
1.134699999999998727e+04
1.134629999999998836e+04
1.117809999999998581e+04
1.137609999999998763e+04
1.134389999999998690e+04
1.138559999999998763e+04
1.137789999999998690e+04
1.137759999999998763e+04
1.136699999999998727e+04
1.132559999999998763e+04
1.138099999999998727e+04
1.138299999999998727e+04
1.136609999999998763e+04
1.136529999999998836e+04
1.135989999999998872e+04
1.128359999999998763e+04
1.130559999999998763e+04
1.138469999999998618e+04
1.134699999999998727e+04
1.139759999999998581e+04
1.134589999999998872e+04
1.131159999999998763e+04
1.139789999999998690e+04
1.137989999999998690e+04
1.132189999999998872e+04
1.133619999999998799e+04
1.135979999999999018e+04
1.138329999999998836e+04
1.133809999999998945e+04
1.139729999999998654e+04
1.130389999999998690e+04
1.132809999999998945e+04
1.137639999999998872e+04
1.139099999999998727e+04
1.137189999999998690e+04
1.136669999999998799e+04
1.135619999999998799e+04
1.139759999999998581e+04
1.139189999999998690e+04
1.133459999999998763e+04
1.136959999999998763e+04
1.139759999999998581e+04
1.138589999999998690e+04
1.139759999999998581e+04
1.137789999999998690e+04
1.135259999999998763e+04
1.133879999999998836e+04
1.137389999999998690e+04
1.139789999999998690e+04
1.128809999999998763e+04
1.122929999999998472e+04
1.135729999999998654e+04
1.133179999999998836e+04
1.138589999999998690e+04
1.139559999999998763e+04
1.139759999999998581e+04
1.137389999999998690e+04
1.138529999999998654e+04
1.129679999999998836e+04
1.131719999999998799e+04
1.136399999999998727e+04
1.134889999999998872e+04
1.134149999999999091e+04
1.139579999999998836e+04
1.139699999999998727e+04
1.136149999999998727e+04
1.127789999999998508e+04
1.136309999999998763e+04
1.139549999999998727e+04
1.139149999999998545e+04
1.139559999999998581e+04
1.139789999999998690e+04
1.139379999999998654e+04
1.132499999999998727e+04
1.139299999999998727e+04
1.139359999999998581e+04
1.136789999999998690e+04
1.134689999999998690e+04
1.136829999999998836e+04
1.132529999999998836e+04
1.138559999999998581e+04
1.135789999999998872e+04
1.137719999999998799e+04
1.131389999999998872e+04
1.137129999999998654e+04
1.137589999999998872e+04
1.139639999999998690e+04
1.127579999999998654e+04
1.113159999999999127e+04
1.138269999999998618e+04
1.131129999999998654e+04
1.136139999999998508e+04
1.138009999999998763e+04
1.138329999999998654e+04
1.134839999999998872e+04
1.138069999999998799e+04
1.137839999999998690e+04
1.136789999999998690e+04
1.136599999999998727e+04
1.136839999999998872e+04
1.136839999999998872e+04
1.123829999999998654e+04
1.137309999999998763e+04
1.139759999999998581e+04
1.126329999999998654e+04
1.118539999999998690e+04
1.139589999999998690e+04
1.139429999999998836e+04
1.136789999999998690e+04
1.139559999999998581e+04
1.138359999999998763e+04
1.126789999999998508e+04
1.136809999999998763e+04
1.130389999999998872e+04
1.136019999999998799e+04
1.135789999999998690e+04
1.128169999999998436e+04
1.136299999999998727e+04
1.139389999999998690e+04
1.135029999999998836e+04
1.136589999999998690e+04
1.133789999999998690e+04
1.134359999999998763e+04
1.132269999999998981e+04
1.132989999999998690e+04
1.137099999999998727e+04
1.135679999999998654e+04
1.128749999999998545e+04
1.132759999999998763e+04
1.139519999999998799e+04
1.127789999999998690e+04
1.137679999999998836e+04
1.139699999999998727e+04
1.138989999999998690e+04
1.139789999999998690e+04
1.135319999999998618e+04
1.135869999999998799e+04
1.133689999999998690e+04
1.136129999999998836e+04
1.138089999999998690e+04
1.139699999999998727e+04
1.138869999999998618e+04
1.139759999999998581e+04
1.136189999999998690e+04
1.133959999999998763e+04
1.134859999999998763e+04
1.135719999999998618e+04
1.139549999999998727e+04
1.134659999999998581e+04
1.131439999999998690e+04
1.139759999999998581e+04
1.139699999999998545e+04
1.139699999999998727e+04
1.137789999999998690e+04
1.136729999999998836e+04
1.130989999999998690e+04
1.132959999999998763e+04
1.137469999999998799e+04
1.136889999999998690e+04
1.132489999999998690e+04
1.138109999999998581e+04
1.139609999999998581e+04
1.138899999999998727e+04
1.136719999999998799e+04
1.139759999999998581e+04
1.136959999999998763e+04
1.139589999999998690e+04
1.136989999999998690e+04
1.139579999999998836e+04
1.139639999999998690e+04
1.137879999999998836e+04
1.137979999999998836e+04
1.131269999999998799e+04
1.138989999999998690e+04
1.135869999999998981e+04
1.135409999999998945e+04
1.120099999999998545e+04
1.139309999999998581e+04
1.139789999999998690e+04
1.133429999999998836e+04
1.135919999999998799e+04
1.136509999999998763e+04
1.136469999999998799e+04
1.137589999999998690e+04
1.139129999999998836e+04
1.138159999999998581e+04
1.136929999999998836e+04
1.137789999999998690e+04
1.135179999999998836e+04
1.139639999999998690e+04
1.136239999999998690e+04
1.136389999999998690e+04
1.138359999999998763e+04
1.138219999999998618e+04
1.136199999999998727e+04
1.139369999999998799e+04
1.133989999999998872e+04
1.135559999999998763e+04
1.135989999999998690e+04
1.138929999999998654e+04
1.138209999999998763e+04
1.136509999999998945e+04
1.136439999999998690e+04
1.136289999999998690e+04
1.122889999999998508e+04
1.131399999999998727e+04
1.136559999999998763e+04
1.136559999999998763e+04
1.137869999999998618e+04
1.130789999999998690e+04
1.139189999999998690e+04
1.139069999999998618e+04
1.136009999999998763e+04
1.135989999999998690e+04
1.139789999999998690e+04
1.136959999999998581e+04
1.136789999999998690e+04
1.135329999999998654e+04
1.132359999999998763e+04
1.129009999999998763e+04
1.114989999999999054e+04
1.138529999999998836e+04
1.137989999999998690e+04
1.137389999999998690e+04
1.137149999999998727e+04
1.139789999999998690e+04
1.136609999999998763e+04
1.133399999999998909e+04
1.139529999999998654e+04
1.138589999999998690e+04
1.128969999999998618e+04
1.135959999999998763e+04
1.134919999999998799e+04
1.135229999999998654e+04
1.139759999999998581e+04
1.139159999999998581e+04
1.139639999999998690e+04
1.137159999999998763e+04
1.134359999999998763e+04
1.139169999999998799e+04
1.139279999999998654e+04
1.137789999999998690e+04
1.138639999999998690e+04
1.133789999999998872e+04
1.132549999999998909e+04
1.139789999999998690e+04
1.137389999999998690e+04
1.137559999999998581e+04
1.135559999999998763e+04
1.139699999999998727e+04
1.133789999999998690e+04
1.139789999999998690e+04
1.138189999999998690e+04
1.135269999999998981e+04
1.138159999999998763e+04
1.137729999999998836e+04
1.136919999999998799e+04
1.134859999999999127e+04
1.138189999999998690e+04
1.122129999999998472e+04
1.134989999999998872e+04
1.137529999999998836e+04
1.136989999999998690e+04
1.137359999999998763e+04
1.138759999999998581e+04
1.139339999999998690e+04
1.131959999999998763e+04
1.137159999999998763e+04
1.136909999999998763e+04
1.136159999999998763e+04
1.139759999999998763e+04
1.139549999999998545e+04
1.139269999999998618e+04
1.136589999999998690e+04
1.133389999999998690e+04
1.139699999999998727e+04
1.133119999999998799e+04
1.138759999999998581e+04
1.135189999999998872e+04
1.139399999999998727e+04
1.137309999999998763e+04
1.136039999999998690e+04
1.134739999999998690e+04
1.136029999999998836e+04
1.139669999999998618e+04
1.137639999999998872e+04
1.131609999999998763e+04
1.136069999999998799e+04
1.139759999999998763e+04
1.137409999999998763e+04
1.134789999999998690e+04
1.135499999999998727e+04
1.138929999999998654e+04
1.138139999999998690e+04
1.139669999999998618e+04
1.129699999999998727e+04
1.136759999999998763e+04
1.136129999999998836e+04
1.137859999999998763e+04
1.132029999999998836e+04
1.135299999999998727e+04
1.138899999999998545e+04
1.132719999999998618e+04
1.137929999999998836e+04
1.137699999999998909e+04
1.134899999999998909e+04
1.136929999999998654e+04
1.135149999999998727e+04
1.138869999999998618e+04
1.137429999999998836e+04
1.136159999999998763e+04
1.138589999999998690e+04
1.139329999999998654e+04
1.139789999999998690e+04
