4.418399999999995998e+03
6.775800000000004729e+03
5.830800000000000182e+03
8.286400000000001455e+03
1.053800000000000546e+04
1.164640000000001601e+04
1.260160000000001492e+04
1.262780000000001564e+04
1.267260000000001492e+04
1.270260000000001492e+04
1.295020000000000800e+04
1.296100000000000909e+04
1.299100000000000909e+04
1.300500000000000909e+04
1.300500000000000909e+04
1.298400000000000909e+04
1.292100000000000909e+04
1.297300000000000909e+04
1.296900000000000909e+04
1.300500000000000909e+04
1.300500000000000909e+04
1.298900000000000909e+04
1.282240000000000873e+04
1.298400000000000909e+04
1.287600000000001091e+04
1.289700000000001091e+04
1.300500000000000909e+04
1.298300000000000909e+04
1.297500000000000909e+04
1.298600000000000909e+04
1.299400000000000909e+04
1.300500000000000909e+04
1.291000000000000909e+04
1.295700000000000909e+04
1.294500000000000909e+04
1.297000000000000909e+04
1.300600000000000909e+04
1.298400000000000909e+04
1.295900000000000909e+04
1.298900000000000909e+04
1.291460000000000946e+04
1.298600000000000909e+04
1.299400000000000909e+04
1.283000000000000909e+04
1.296020000000000800e+04
1.299800000000000909e+04
1.294500000000000909e+04
1.298900000000000909e+04
1.288400000000000909e+04
1.297900000000000909e+04
1.300500000000000909e+04
1.298200000000000909e+04
1.295020000000000800e+04
1.288300000000000909e+04
1.298300000000000909e+04
1.297100000000000909e+04
1.295700000000000909e+04
1.289000000000000909e+04
1.300300000000000909e+04
1.299000000000000909e+04
1.299000000000000909e+04
1.298600000000000909e+04
1.300500000000000909e+04
1.293300000000000909e+04
1.291180000000001201e+04
1.298760000000001310e+04
1.297960000000001128e+04
1.296840000000001055e+04
1.296980000000000837e+04
1.296460000000000764e+04
1.289800000000000909e+04
1.298500000000001091e+04
1.302620000000000982e+04
1.293600000000001273e+04
1.302460000000000946e+04
1.303040000000001055e+04
1.304060000000000946e+04
1.305240000000001055e+04
1.302020000000001346e+04
1.272040000000001419e+04
1.306280000000001019e+04
1.304740000000001055e+04
1.303960000000000946e+04
1.305240000000001237e+04
1.305440000000001055e+04
1.306220000000001346e+04
1.307140000000001419e+04
1.305660000000001128e+04
1.304860000000001128e+04
1.305040000000001237e+04
1.304820000000001346e+04
1.304880000000001382e+04
1.294300000000001091e+04
1.309140000000001237e+04
1.309660000000001310e+04
1.310260000000000946e+04
1.298480000000001382e+04
1.303120000000001346e+04
1.305460000000001128e+04
1.307180000000001382e+04
1.311900000000000909e+04
1.311800000000001273e+04
1.305100000000001273e+04
1.307020000000001164e+04
1.312060000000001128e+04
1.312220000000001164e+04
1.303980000000001201e+04
1.297760000000001310e+04
1.298740000000001055e+04
1.309040000000001055e+04
1.310780000000001201e+04
1.311100000000001273e+04
1.304580000000001019e+04
1.307060000000001128e+04
1.312420000000001164e+04
1.304620000000001346e+04
1.311560000000001310e+04
1.308280000000001019e+04
1.306580000000001201e+04
1.294920000000001164e+04
1.307120000000001164e+04
1.302960000000001128e+04
1.310820000000001164e+04
1.309560000000001128e+04
1.312600000000001091e+04
1.312840000000001237e+04
1.307560000000001128e+04
1.308120000000001164e+04
1.310460000000001128e+04
1.299920000000000982e+04
1.296160000000001310e+04
1.310600000000001091e+04
1.309580000000001019e+04
1.308200000000001091e+04
1.309340000000001237e+04
1.312840000000001237e+04
1.298440000000001237e+04
1.297660000000001128e+04
1.312820000000001164e+04
1.310180000000001019e+04
1.311740000000001237e+04
1.304780000000001019e+04
1.312860000000000946e+04
1.311380000000001019e+04
1.312840000000001055e+04
1.312880000000001019e+04
1.312880000000001019e+04
1.308640000000001237e+04
1.308020000000001164e+04
1.308560000000001128e+04
1.310740000000001237e+04
1.310120000000001164e+04
1.312880000000001019e+04
1.309480000000001019e+04
1.287260000000001128e+04
1.312880000000001019e+04
1.310480000000001019e+04
1.312820000000001164e+04
1.288360000000001128e+04
1.311880000000001019e+04
1.312880000000001019e+04
1.309340000000001237e+04
1.312880000000001019e+04
1.310260000000000946e+04
1.307100000000001091e+04
1.310260000000001128e+04
1.308880000000001019e+04
1.312160000000001128e+04
1.310740000000001237e+04
1.312480000000001019e+04
1.312240000000001237e+04
1.312240000000001055e+04
1.310780000000001019e+04
1.312860000000001128e+04
1.303860000000001128e+04
1.302940000000001237e+04
1.309080000000001019e+04
1.290400000000001273e+04
1.303520000000001164e+04
1.310680000000001201e+04
1.308840000000001055e+04
1.310380000000001019e+04
1.309780000000001019e+04
1.310020000000001164e+04
1.309860000000001128e+04
1.311960000000001128e+04
1.312460000000001128e+04
1.302460000000001128e+04
1.311580000000001019e+04
1.311360000000001128e+04
1.311460000000001310e+04
1.311860000000001128e+04
1.307960000000001128e+04
1.304880000000001201e+04
1.311960000000001128e+04
1.303780000000001019e+04
1.312840000000001055e+04
1.308580000000001019e+04
1.312840000000001237e+04
1.312860000000001128e+04
1.307520000000001164e+04
1.312880000000001019e+04
1.310980000000001019e+04
1.308700000000001091e+04
1.306980000000001019e+04
1.311780000000001019e+04
1.310980000000001019e+04
1.312880000000001019e+04
1.312440000000001055e+04
1.308880000000001019e+04
1.311380000000001019e+04
1.308880000000001019e+04
1.312860000000001128e+04
1.307080000000001019e+04
1.298080000000001019e+04
1.295780000000001201e+04
1.308280000000001019e+04
1.310640000000001237e+04
1.307180000000001019e+04
1.310320000000001164e+04
1.310160000000001128e+04
1.307040000000001237e+04
1.305500000000001091e+04
1.296880000000001201e+04
1.307460000000001128e+04
1.312880000000001019e+04
1.302360000000001128e+04
1.312700000000001091e+04
1.307280000000001019e+04
1.309200000000001091e+04
1.309780000000001019e+04
1.309560000000001128e+04
1.305660000000000946e+04
1.311460000000001128e+04
1.310680000000001019e+04
1.312780000000001201e+04
1.309680000000001019e+04
1.312380000000001019e+04
1.312460000000001128e+04
1.298880000000001201e+04
1.308320000000000800e+04
1.309480000000001019e+04
1.312880000000001019e+04
1.308600000000001091e+04
1.311080000000001019e+04
1.310800000000001091e+04
1.312820000000000982e+04
1.311360000000001128e+04
1.312140000000001055e+04
1.309640000000001055e+04
1.297140000000001237e+04
1.308680000000001019e+04
1.308960000000001128e+04
1.312880000000001019e+04
1.312540000000001237e+04
1.312880000000001019e+04
1.312880000000001019e+04
1.311360000000001128e+04
1.311960000000001128e+04
1.312380000000001019e+04
1.309920000000001164e+04
1.309600000000001091e+04
1.312880000000001019e+04
1.310080000000001019e+04
1.308480000000001019e+04
1.300280000000001019e+04
1.312860000000001128e+04
1.305920000000001164e+04
1.310480000000001019e+04
1.312380000000001019e+04
1.312880000000001019e+04
1.312880000000001019e+04
1.309680000000001019e+04
1.311560000000001128e+04
1.311880000000001019e+04
1.295280000000001201e+04
1.310780000000001019e+04
1.310700000000001091e+04
1.305020000000001164e+04
1.310920000000001164e+04
1.305760000000001128e+04
1.312860000000001128e+04
1.311860000000001128e+04
1.309260000000001128e+04
1.312880000000001019e+04
1.312820000000001164e+04
1.309380000000001019e+04
1.309960000000000946e+04
1.311280000000001019e+04
1.311260000000001128e+04
1.301080000000001201e+04
1.309780000000001019e+04
1.306980000000001019e+04
1.312460000000001128e+04
1.312880000000001019e+04
1.312080000000001019e+04
1.312480000000001019e+04
1.304480000000001019e+04
1.311220000000001164e+04
1.312480000000001019e+04
1.310460000000001128e+04
1.309040000000001055e+04
1.311420000000001164e+04
1.296260000000001128e+04
1.288680000000001201e+04
1.312880000000001019e+04
1.311780000000001019e+04
1.307380000000001019e+04
1.308560000000001128e+04
1.310240000000001237e+04
1.302580000000001019e+04
1.280180000000001019e+04
1.310300000000001091e+04
1.296280000000001201e+04
1.295720000000001164e+04
1.305580000000001019e+04
1.304980000000001019e+04
1.306860000000001128e+04
1.310380000000001019e+04
1.307580000000001019e+04
1.310000000000001091e+04
1.294180000000001019e+04
1.312280000000001019e+04
1.309320000000000982e+04
1.307640000000001055e+04
1.312880000000001019e+04
1.303080000000001019e+04
1.312880000000001019e+04
1.308740000000001237e+04
1.305720000000000982e+04
1.299040000000001237e+04
1.308940000000001237e+04
1.298760000000001128e+04
1.315460000000001310e+04
1.312000000000000909e+04
1.315280000000001201e+04
1.318460000000001128e+04
1.319140000000001055e+04
1.318980000000001382e+04
1.319280000000001019e+04
1.315900000000001091e+04
1.313860000000001128e+04
1.319200000000001273e+04
1.313800000000001091e+04
1.318740000000001237e+04
1.311400000000001273e+04
1.316620000000000982e+04
1.316800000000001091e+04
1.311120000000001164e+04
1.313240000000001237e+04
1.316980000000001019e+04
1.317500000000001273e+04
1.315000000000001273e+04
1.314520000000001164e+04
1.319420000000001164e+04
1.315800000000001091e+04
1.316100000000001273e+04
1.316340000000001237e+04
1.315580000000001201e+04
1.318300000000001273e+04
1.316900000000001091e+04
1.315320000000001346e+04
1.318660000000001128e+04
1.315960000000001128e+04
1.304280000000001201e+04
1.308100000000001273e+04
1.315320000000000982e+04
1.317400000000001273e+04
1.319480000000001201e+04
1.316580000000001201e+04
1.317680000000001201e+04
1.315000000000001091e+04
1.316900000000001273e+04
1.308180000000001201e+04
1.319140000000001237e+04
1.315820000000001164e+04
1.315460000000001310e+04
1.319500000000001091e+04
1.315340000000001237e+04
1.316780000000001382e+04
1.319520000000001164e+04
1.319360000000001310e+04
1.316900000000001091e+04
1.319400000000001091e+04
1.316320000000001164e+04
1.319480000000001201e+04
1.315860000000001310e+04
1.314880000000001382e+04
1.316480000000001201e+04
1.319020000000001164e+04
1.314220000000001164e+04
1.298060000000001128e+04
1.319420000000001164e+04
1.319320000000001164e+04
1.306660000000001128e+04
1.315740000000001055e+04
1.312040000000001237e+04
1.317720000000001164e+04
1.313980000000001201e+04
1.301100000000001273e+04
1.310780000000001201e+04
1.312520000000001346e+04
1.313420000000001346e+04
1.318000000000001273e+04
1.319460000000001128e+04
1.315520000000000982e+04
1.307720000000001164e+04
1.300760000000001128e+04
1.313500000000001273e+04
1.319220000000001164e+04
1.318160000000000946e+04
1.313720000000001346e+04
1.318780000000001201e+04
1.319180000000001201e+04
1.318480000000001201e+04
1.317820000000001164e+04
1.317160000000001128e+04
1.314540000000001237e+04
1.318740000000001055e+04
1.319340000000001055e+04
1.317780000000001201e+04
1.319500000000001273e+04
1.308880000000001201e+04
1.311180000000001201e+04
1.316600000000001273e+04
1.314400000000001273e+04
1.314420000000001346e+04
1.313660000000001128e+04
1.317200000000001273e+04
1.319320000000001164e+04
1.316100000000001273e+04
1.317240000000001237e+04
1.316880000000001201e+04
1.318240000000001237e+04
1.312840000000001237e+04
1.305500000000001273e+04
1.317620000000001346e+04
1.311300000000001273e+04
1.316480000000001201e+04
1.317760000000001310e+04
1.318160000000000946e+04
1.316780000000001201e+04
1.315940000000001237e+04
1.317520000000001164e+04
1.316580000000001201e+04
1.305180000000001201e+04
1.318840000000001237e+04
1.315740000000001419e+04
1.311200000000001273e+04
1.315080000000001382e+04
1.313620000000001346e+04
1.314880000000001382e+04
1.311120000000001164e+04
1.312620000000001164e+04
1.317800000000001273e+04
1.304220000000001164e+04
1.316600000000001273e+04
1.316680000000001382e+04
1.302740000000001055e+04
1.303320000000001164e+04
1.315600000000001273e+04
1.316700000000001273e+04
1.316520000000001346e+04
1.308840000000001237e+04
1.315120000000001164e+04
1.312460000000001128e+04
1.318980000000001201e+04
1.317280000000001382e+04
1.316200000000001455e+04
1.312960000000001128e+04
1.318500000000001273e+04
1.318620000000001346e+04
1.317700000000001273e+04
1.309520000000001164e+04
1.319100000000001091e+04
1.318700000000001273e+04
1.319200000000001273e+04
1.315580000000001382e+04
1.316500000000001273e+04
1.316500000000001273e+04
1.318680000000001201e+04
1.319340000000001237e+04
1.314340000000001237e+04
1.312100000000001273e+04
1.309160000000001310e+04
1.319420000000001164e+04
1.298580000000001201e+04
1.316620000000001164e+04
1.316780000000001201e+04
1.313920000000001528e+04
1.311160000000001310e+04
1.317280000000001019e+04
1.319480000000001201e+04
1.319000000000001273e+04
1.318100000000001273e+04
1.308160000000001310e+04
1.318880000000001201e+04
1.317060000000001128e+04
1.318580000000001382e+04
1.315240000000001237e+04
1.314460000000001128e+04
1.316080000000001382e+04
1.312860000000001492e+04
1.303180000000001201e+04
1.295900000000001455e+04
1.319360000000001128e+04
1.314840000000001237e+04
1.302580000000001201e+04
1.318060000000001310e+04
1.318840000000001237e+04
1.311200000000001455e+04
1.317920000000001164e+04
1.317280000000001382e+04
1.316180000000001201e+04
1.319360000000001128e+04
1.319240000000001237e+04
1.303660000000001310e+04
1.315460000000001492e+04
1.314280000000001201e+04
1.317020000000001164e+04
1.317300000000001273e+04
1.318600000000001273e+04
1.317040000000001055e+04
1.317940000000001419e+04
1.319140000000001419e+04
1.317400000000001273e+04
1.310100000000001273e+04
1.319220000000001164e+04
1.312680000000001201e+04
1.315400000000001273e+04
1.317020000000001346e+04
1.317580000000001382e+04
1.319140000000001237e+04
1.316220000000001346e+04
1.316620000000001346e+04
1.319380000000001201e+04
1.318900000000001273e+04
1.306560000000001310e+04
1.319320000000001346e+04
1.315420000000001346e+04
1.313940000000001055e+04
1.314080000000001201e+04
1.305060000000001310e+04
1.311900000000001273e+04
1.313700000000001273e+04
1.317040000000001055e+04
1.306840000000001419e+04
1.316500000000001273e+04
1.314660000000001492e+04
1.317240000000001237e+04
1.311120000000001164e+04
1.318660000000001310e+04
1.309240000000001237e+04
1.311320000000001164e+04
1.313740000000001237e+04
1.315180000000001201e+04
1.315840000000001419e+04
1.315280000000001201e+04
1.319500000000001091e+04
1.313100000000001091e+04
1.318340000000001419e+04
1.319260000000001310e+04
1.315520000000001346e+04
1.318980000000001201e+04
1.319060000000001128e+04
1.318000000000001273e+04
1.304260000000001128e+04
1.311660000000001310e+04
1.316700000000001091e+04
1.318300000000001273e+04
1.317760000000001310e+04
1.319060000000001310e+04
1.317160000000001310e+04
1.316340000000001237e+04
1.318020000000001164e+04
1.313740000000001237e+04
1.299760000000001128e+04
1.315120000000001346e+04
1.319380000000001201e+04
1.313880000000001382e+04
1.318660000000001128e+04
1.316640000000001055e+04
1.308840000000001237e+04
1.310640000000001237e+04
1.312260000000001128e+04
1.313000000000001091e+04
1.319120000000001164e+04
1.316160000000001310e+04
1.318020000000001164e+04
1.316600000000001455e+04
1.317820000000001346e+04
1.317340000000001237e+04
1.317220000000001164e+04
1.313760000000001310e+04
1.319020000000001346e+04
1.318320000000001346e+04
1.316700000000001273e+04
1.317200000000001091e+04
1.319440000000001237e+04
1.317980000000001201e+04
1.310300000000001273e+04
1.319500000000001273e+04
1.317160000000001128e+04
1.316180000000001201e+04
1.319300000000001273e+04
1.316640000000001237e+04
1.319480000000001201e+04
1.319400000000001273e+04
1.308080000000001201e+04
1.319300000000001091e+04
1.306780000000001201e+04
1.319500000000001091e+04
1.318860000000001310e+04
1.318880000000001382e+04
1.316000000000001273e+04
1.315400000000001273e+04
1.319420000000001346e+04
1.319140000000001055e+04
1.308840000000001237e+04
1.318160000000001310e+04
1.318600000000001273e+04
1.319380000000001201e+04
1.319040000000001055e+04
1.316660000000001128e+04
1.318020000000001346e+04
1.314320000000001346e+04
1.319420000000001346e+04
1.316860000000001128e+04
1.317020000000001346e+04
1.319440000000001419e+04
1.319020000000001346e+04
1.308600000000001273e+04
1.319440000000001237e+04
1.319360000000001128e+04
1.319420000000001346e+04
1.319440000000001237e+04
1.319320000000001164e+04
1.314960000000001128e+04
1.294120000000001346e+04
1.313140000000001237e+04
1.318860000000001128e+04
1.313720000000001164e+04
1.315260000000001310e+04
1.319100000000001273e+04
1.318680000000001201e+04
1.319340000000001419e+04
1.317740000000001237e+04
1.310420000000001346e+04
1.316200000000001273e+04
1.309520000000001346e+04
1.316440000000001237e+04
1.319460000000001310e+04
1.319280000000001382e+04
1.315600000000001273e+04
1.313780000000001201e+04
1.318200000000001273e+04
1.317120000000001164e+04
1.314460000000001128e+04
1.304880000000001201e+04
1.308380000000001382e+04
1.312480000000001201e+04
1.309660000000001310e+04
1.307700000000001091e+04
1.315360000000001310e+04
1.310460000000001310e+04
1.304480000000001382e+04
1.307500000000001273e+04
1.315140000000001237e+04
1.319000000000001273e+04
1.314580000000001201e+04
1.317000000000001091e+04
1.318320000000001528e+04
1.316160000000001310e+04
1.310640000000001419e+04
1.316400000000001273e+04
1.313420000000001164e+04
1.312420000000001164e+04
1.318280000000001201e+04
1.318480000000001201e+04
1.316420000000001346e+04
1.317400000000001091e+04
1.318640000000001237e+04
1.318120000000001164e+04
1.315040000000001419e+04
1.315320000000001346e+04
1.317780000000001201e+04
1.317880000000001201e+04
1.317160000000001128e+04
1.307760000000001128e+04
1.317360000000001310e+04
1.316980000000001382e+04
1.317520000000001164e+04
1.318220000000001164e+04
1.319480000000001201e+04
1.316880000000001201e+04
1.316100000000001273e+04
1.318560000000001492e+04
1.305760000000001128e+04
1.290560000000001128e+04
1.306520000000001164e+04
1.317620000000001164e+04
1.315260000000001128e+04
1.306260000000001128e+04
1.274560000000001310e+04
1.306000000000001091e+04
1.318960000000001310e+04
1.316120000000001164e+04
1.307920000000001346e+04
1.316600000000001273e+04
1.319340000000001055e+04
1.291140000000001419e+04
1.317780000000001201e+04
1.314140000000001237e+04
1.309660000000001128e+04
1.319460000000001310e+04
1.312820000000001164e+04
1.318060000000001128e+04
1.319420000000001346e+04
1.311640000000001237e+04
1.319460000000001128e+04
1.318700000000001273e+04
1.314480000000001201e+04
1.313960000000001492e+04
1.316240000000001237e+04
1.316920000000001164e+04
1.318520000000001346e+04
1.313960000000001128e+04
1.314540000000001237e+04
1.317540000000001237e+04
1.312740000000001237e+04
1.316320000000001164e+04
1.314440000000001237e+04
1.319100000000001273e+04
1.311980000000001201e+04
1.313660000000001310e+04
1.307960000000001310e+04
1.312920000000001164e+04
1.316820000000001346e+04
1.314220000000001164e+04
1.315700000000001091e+04
1.315200000000001273e+04
1.312100000000001273e+04
1.315400000000001273e+04
1.309260000000001128e+04
1.317420000000001164e+04
1.317300000000001273e+04
1.317260000000001128e+04
1.310160000000001310e+04
1.314480000000001201e+04
1.313660000000001128e+04
1.305000000000001273e+04
1.317520000000001346e+04
1.316300000000001091e+04
1.316540000000001237e+04
1.317340000000001419e+04
1.318820000000001164e+04
1.317900000000001273e+04
1.317240000000001055e+04
1.301000000000001273e+04
1.318100000000001273e+04
1.315640000000001055e+04
1.318420000000001164e+04
1.319520000000001164e+04
1.318260000000001310e+04
1.319300000000001273e+04
1.317560000000001128e+04
1.317880000000001201e+04
1.316480000000001201e+04
1.315940000000001237e+04
1.309200000000001273e+04
1.309580000000001201e+04
1.310080000000001201e+04
1.313300000000001273e+04
1.305780000000001382e+04
1.317080000000001201e+04
1.310860000000001128e+04
1.317380000000001201e+04
1.313780000000001201e+04
1.310880000000001382e+04
1.315200000000001273e+04
1.316240000000001237e+04
1.318800000000001273e+04
1.319040000000001055e+04
1.319240000000001237e+04
1.316760000000001128e+04
1.307780000000001201e+04
1.302820000000001346e+04
1.318940000000001237e+04
1.318560000000001310e+04
1.317640000000001419e+04
1.319340000000001237e+04
1.309760000000001128e+04
1.315300000000001455e+04
1.310080000000001201e+04
1.318360000000001128e+04
1.314880000000001201e+04
1.306220000000001346e+04
1.311340000000001237e+04
1.315820000000001164e+04
1.315080000000001201e+04
1.309700000000001273e+04
1.318480000000001201e+04
1.315640000000001237e+04
1.302320000000001346e+04
1.318420000000001346e+04
1.319420000000001164e+04
1.308060000000001310e+04
1.307340000000001237e+04
1.317180000000001201e+04
1.317100000000001273e+04
1.316500000000001273e+04
1.312640000000001237e+04
1.315160000000001128e+04
1.306880000000001382e+04
1.314480000000001201e+04
1.317600000000001273e+04
1.315900000000001091e+04
1.317200000000001273e+04
1.313420000000001346e+04
1.318080000000001201e+04
1.319400000000001273e+04
1.319360000000001310e+04
1.313860000000001128e+04
1.316480000000001382e+04
1.316360000000001492e+04
1.309020000000001346e+04
1.308600000000001273e+04
1.314320000000001346e+04
1.319460000000001128e+04
1.318520000000001346e+04
1.317280000000001201e+04
1.315660000000001128e+04
1.311940000000001055e+04
1.310980000000001201e+04
1.312460000000001310e+04
1.319080000000001201e+04
1.313620000000001164e+04
1.319080000000001382e+04
1.317560000000001128e+04
1.318560000000001128e+04
1.314500000000001273e+04
1.317940000000001055e+04
1.317400000000001273e+04
1.319400000000001273e+04
1.316540000000001237e+04
1.318660000000001310e+04
1.313620000000001346e+04
1.311260000000001310e+04
1.315080000000001201e+04
1.319080000000001019e+04
1.319520000000001164e+04
1.319020000000000982e+04
1.317200000000001273e+04
1.314760000000001310e+04
1.316200000000001091e+04
1.304360000000001128e+04
1.313780000000001201e+04
1.318880000000001201e+04
1.300400000000001273e+04
1.311240000000001055e+04
1.317880000000001201e+04
1.317360000000001128e+04
1.319420000000001346e+04
1.319040000000001419e+04
1.317480000000001019e+04
1.315400000000001091e+04
1.309740000000001419e+04
1.315600000000001273e+04
1.307980000000001019e+04
1.314300000000001091e+04
1.318520000000001346e+04
1.319500000000001273e+04
1.315580000000001201e+04
1.315980000000001201e+04
1.316980000000001019e+04
1.311920000000001346e+04
1.317560000000001128e+04
1.313380000000001201e+04
1.319520000000001164e+04
1.318140000000001237e+04
1.317840000000001055e+04
1.311380000000001201e+04
1.318060000000001310e+04
1.319480000000001201e+04
1.317760000000001128e+04
1.312960000000001128e+04
1.319400000000001273e+04
1.315240000000001237e+04
1.316820000000001164e+04
1.309000000000001273e+04
1.315840000000001237e+04
1.318880000000001201e+04
1.313320000000001164e+04
1.317860000000001128e+04
1.319420000000001164e+04
1.313300000000001273e+04
1.319440000000001055e+04
1.309000000000001091e+04
1.318100000000001273e+04
1.314800000000001091e+04
1.319340000000001237e+04
1.318700000000001273e+04
1.313120000000001346e+04
1.318200000000001273e+04
1.316200000000001091e+04
1.317840000000001237e+04
1.314500000000001273e+04
1.319440000000001419e+04
1.308000000000001273e+04
1.316200000000001273e+04
1.316940000000001419e+04
1.317620000000001164e+04
1.316200000000001273e+04
1.314640000000001237e+04
1.317200000000001273e+04
1.314700000000001455e+04
1.309740000000001237e+04
1.315000000000001273e+04
1.319380000000001201e+04
1.319280000000001201e+04
1.315720000000001346e+04
1.318940000000001055e+04
1.315860000000001128e+04
1.312540000000001419e+04
1.316140000000001237e+04
1.319440000000001237e+04
1.316880000000001201e+04
1.319520000000001164e+04
1.319060000000001128e+04
1.319480000000001201e+04
1.317920000000001164e+04
1.316600000000001273e+04
1.314220000000001346e+04
1.314860000000001310e+04
1.319020000000001164e+04
1.314600000000001273e+04
1.316500000000001273e+04
1.315700000000001273e+04
1.312640000000001419e+04
1.319500000000001273e+04
1.319140000000001237e+04
1.311340000000001055e+04
1.315240000000001237e+04
1.315100000000001273e+04
1.319020000000001346e+04
1.311020000000001346e+04
1.313800000000001091e+04
1.317400000000001273e+04
1.316860000000001310e+04
1.319400000000001273e+04
1.316380000000001382e+04
1.316980000000001382e+04
1.317760000000001310e+04
1.317120000000001346e+04
1.318140000000001237e+04
1.314920000000001346e+04
1.319280000000001201e+04
1.317900000000001273e+04
1.314520000000001346e+04
1.311340000000001237e+04
1.314700000000001273e+04
1.318600000000001273e+04
1.311500000000001091e+04
1.310580000000001564e+04
1.311960000000001310e+04
1.315840000000001237e+04
1.316120000000001164e+04
1.304160000000001128e+04
1.311580000000001201e+04
1.311800000000001273e+04
1.310020000000001164e+04
1.312540000000001237e+04
1.314840000000001237e+04
1.316480000000001201e+04
1.319260000000001128e+04
1.317620000000001346e+04
1.318400000000001273e+04
1.318840000000001237e+04
1.318060000000001492e+04
1.316040000000001237e+04
1.317780000000001382e+04
1.318920000000001164e+04
1.309440000000001237e+04
1.318340000000001237e+04
1.318820000000001164e+04
1.313680000000001201e+04
1.316100000000001273e+04
1.314140000000001237e+04
1.317460000000001128e+04
1.315360000000001310e+04
1.316480000000001382e+04
1.308380000000001564e+04
1.314420000000001346e+04
1.315980000000001201e+04
1.313040000000001237e+04
1.319400000000001273e+04
1.317140000000001237e+04
1.319320000000001346e+04
1.317460000000001128e+04
1.316040000000001419e+04
1.316640000000001237e+04
1.317380000000001201e+04
1.311400000000001091e+04
1.318100000000001273e+04
1.313180000000001382e+04
1.311920000000001346e+04
1.319400000000001273e+04
1.316480000000001201e+04
1.319360000000001128e+04
1.317700000000001273e+04
1.314060000000001310e+04
1.317320000000001346e+04
1.313460000000001310e+04
1.312240000000001237e+04
1.317960000000001128e+04
1.318500000000001273e+04
1.316240000000001237e+04
1.319360000000001310e+04
1.317840000000001237e+04
1.317100000000001273e+04
1.297180000000001382e+04
1.315260000000001310e+04
1.314680000000001201e+04
1.318960000000001310e+04
1.319480000000001201e+04
1.318680000000001201e+04
1.317480000000001201e+04
1.308740000000001237e+04
1.318700000000001273e+04
1.316400000000001273e+04
1.316120000000001164e+04
1.317400000000001273e+04
1.318340000000001237e+04
1.315520000000000982e+04
1.312020000000001346e+04
1.315100000000001273e+04
1.319440000000001237e+04
1.319340000000001237e+04
1.313640000000001055e+04
1.316220000000001346e+04
1.316440000000001419e+04
1.317940000000001237e+04
1.317900000000001091e+04
1.318880000000001201e+04
1.311200000000001273e+04
1.294660000000001310e+04
1.316400000000001455e+04
1.313340000000001237e+04
1.314420000000001346e+04
1.314800000000001273e+04
1.316780000000001201e+04
1.316280000000001201e+04
1.316160000000001128e+04
1.306740000000001237e+04
1.316220000000001164e+04
1.316080000000001201e+04
1.319380000000001382e+04
1.317360000000001128e+04
1.319360000000001310e+04
1.315580000000001201e+04
1.318780000000001201e+04
1.316580000000001201e+04
1.316680000000001201e+04
1.319440000000001055e+04
1.318540000000001237e+04
1.319440000000001237e+04
1.316740000000001419e+04
1.316560000000001310e+04
1.319500000000001273e+04
1.316880000000001201e+04
1.312440000000001055e+04
1.318080000000001201e+04
1.317260000000001310e+04
1.310260000000001128e+04
1.317060000000001128e+04
1.318520000000001346e+04
1.316120000000001346e+04
1.317120000000001164e+04
1.316500000000001091e+04
1.315300000000001273e+04
1.315420000000001164e+04
1.317080000000001201e+04
1.312220000000001164e+04
1.319000000000001273e+04
1.315980000000001201e+04
1.319060000000001128e+04
1.316660000000001310e+04
1.315640000000001237e+04
1.312860000000001310e+04
1.317740000000001237e+04
1.295580000000001382e+04
1.319400000000001273e+04
1.317920000000001346e+04
1.318680000000001201e+04
1.316420000000001164e+04
1.315560000000001310e+04
1.318080000000001201e+04
1.319280000000001201e+04
1.319280000000001201e+04
1.318740000000001055e+04
1.319240000000001419e+04
1.313380000000001201e+04
1.313280000000001382e+04
1.303360000000001310e+04
1.308860000000001128e+04
1.308160000000001310e+04
1.318720000000001164e+04
1.314240000000001055e+04
1.315880000000001201e+04
1.311880000000001382e+04
1.311720000000001164e+04
1.317320000000001164e+04
1.316300000000001273e+04
1.312840000000001237e+04
1.291700000000001273e+04
1.316840000000001237e+04
1.318200000000001273e+04
1.318760000000001128e+04
1.317840000000001237e+04
1.304140000000001237e+04
1.319300000000001273e+04
1.315140000000001055e+04
1.309820000000001346e+04
1.310280000000001201e+04
1.316860000000001310e+04
1.311380000000001201e+04
1.317920000000001164e+04
1.316300000000001455e+04
1.318240000000001419e+04
1.317100000000001273e+04
1.314280000000001201e+04
1.318680000000001201e+04
1.315520000000001164e+04
1.317400000000001273e+04
1.307500000000001091e+04
1.319220000000001346e+04
1.314700000000001273e+04
1.316600000000001273e+04
1.311160000000001310e+04
1.314660000000001310e+04
1.312280000000001201e+04
1.318240000000001237e+04
1.316140000000001237e+04
1.317960000000001310e+04
1.318720000000001346e+04
1.315700000000001273e+04
1.316160000000001310e+04
1.315540000000001237e+04
1.315420000000001346e+04
1.317480000000001201e+04
1.317020000000001346e+04
1.318560000000001310e+04
1.307160000000001128e+04
1.313600000000001273e+04
1.319360000000001128e+04
1.305460000000001128e+04
1.318480000000001201e+04
1.314840000000001237e+04
1.317880000000001201e+04
1.305540000000001237e+04
1.316880000000001201e+04
1.318700000000001273e+04
1.319320000000001346e+04
1.316520000000001346e+04
1.318200000000001273e+04
1.311320000000001346e+04
1.317260000000001128e+04
1.316080000000001382e+04
1.316260000000001128e+04
1.311600000000001091e+04
1.318800000000001455e+04
1.311120000000001164e+04
1.318600000000001273e+04
1.318520000000001346e+04
1.318760000000001128e+04
1.317980000000001382e+04
1.318800000000001273e+04
1.318780000000001201e+04
1.319340000000001419e+04
1.314320000000001346e+04
1.319460000000001310e+04
1.315860000000001128e+04
1.315500000000001273e+04
1.314880000000001382e+04
1.316860000000001128e+04
1.301760000000001310e+04
1.309820000000001346e+04
1.316180000000001382e+04
1.311360000000001310e+04
1.310600000000001273e+04
1.318820000000001164e+04
1.317700000000001455e+04
1.320760000000001128e+04
1.312260000000001128e+04
1.341560000000001492e+04
1.404560000000001673e+04
1.404660000000001673e+04
1.402440000000001601e+04
1.402660000000001673e+04
1.402480000000001746e+04
1.404660000000001673e+04
1.404660000000001673e+04
1.401160000000001673e+04
1.404660000000001673e+04
1.402040000000001601e+04
1.404660000000001673e+04
1.404660000000001673e+04
1.404660000000001673e+04
1.401860000000001673e+04
1.403160000000001673e+04
1.404660000000001673e+04
1.404660000000001673e+04
1.404660000000001673e+04
1.403560000000001673e+04
1.396860000000001673e+04
1.402460000000001673e+04
1.404660000000001673e+04
1.403960000000001673e+04
1.400060000000001673e+04
1.402160000000001673e+04
1.402860000000001673e+04
1.404660000000001673e+04
1.404660000000001673e+04
1.404660000000001673e+04
1.402560000000001673e+04
1.401160000000001673e+04
1.395960000000001673e+04
1.403160000000001673e+04
1.404660000000001673e+04
1.401360000000001673e+04
1.402840000000001601e+04
1.404660000000001673e+04
1.404660000000001673e+04
1.403160000000001673e+04
1.404660000000001673e+04
1.404660000000001673e+04
1.404660000000001673e+04
1.397020000000001710e+04
1.403160000000001673e+04
1.403760000000001673e+04
1.402860000000001673e+04
1.402620000000001710e+04
1.402460000000001673e+04
1.404660000000001673e+04
1.403860000000001673e+04
1.404660000000001673e+04
1.404660000000001673e+04
1.404660000000001673e+04
1.402960000000001673e+04
1.404660000000001673e+04
1.402960000000001673e+04
1.403660000000001673e+04
1.393720000000001528e+04
1.401460000000001673e+04
1.399480000000001746e+04
1.404660000000001673e+04
1.397460000000001673e+04
1.382760000000001492e+04
1.396320000000001710e+04
1.404660000000001673e+04
1.401360000000001673e+04
1.404660000000001673e+04
1.402760000000001673e+04
1.400560000000001673e+04
1.396960000000001673e+04
1.401860000000001673e+04
1.401360000000001673e+04
1.402460000000001673e+04
1.397160000000001673e+04
1.396660000000001673e+04
1.398460000000001673e+04
1.394360000000001673e+04
1.396460000000001673e+04
1.403660000000001673e+04
1.400760000000001673e+04
1.398460000000001673e+04
1.402060000000001673e+04
1.402660000000001673e+04
1.391800000000001637e+04
1.401360000000001673e+04
1.397860000000001673e+04
1.403600000000001637e+04
1.399760000000001673e+04
1.401060000000001673e+04
1.385560000000001673e+04
1.394960000000001673e+04
1.403700000000001819e+04
1.394220000000001710e+04
1.399860000000001673e+04
1.402260000000001673e+04
1.393060000000001673e+04
1.404660000000001673e+04
1.401760000000001673e+04
1.402000000000001637e+04
1.400760000000001673e+04
1.395860000000001673e+04
1.402960000000001673e+04
1.398340000000001601e+04
1.400060000000001673e+04
1.381460000000001673e+04
1.381360000000001492e+04
1.390060000000001673e+04
1.402360000000001673e+04
1.404460000000001673e+04
1.402460000000001673e+04
1.403760000000001673e+04
1.394460000000001673e+04
1.400460000000001673e+04
1.397260000000001673e+04
1.400360000000001673e+04
1.381160000000001673e+04
1.396060000000001673e+04
1.388860000000001673e+04
1.397640000000001601e+04
1.384360000000001673e+04
1.392660000000001673e+04
1.401560000000001673e+04
1.396460000000001673e+04
1.397460000000001673e+04
1.402540000000001601e+04
1.400620000000001710e+04
1.403260000000001673e+04
1.402360000000001673e+04
1.402940000000001783e+04
1.398260000000001673e+04
1.401760000000001673e+04
1.402960000000001673e+04
1.402460000000001673e+04
1.395060000000001673e+04
1.403660000000001673e+04
1.390860000000001673e+04
1.402960000000001673e+04
1.402460000000001673e+04
1.400460000000001673e+04
1.404660000000001673e+04
1.389600000000001455e+04
1.386960000000001492e+04
1.402660000000001673e+04
1.395960000000001673e+04
1.398460000000001673e+04
1.401060000000001673e+04
1.400460000000001673e+04
1.393260000000001673e+04
1.403960000000001673e+04
1.400960000000001673e+04
1.401460000000001673e+04
1.394560000000001673e+04
1.400280000000001746e+04
1.404160000000001673e+04
1.395560000000001673e+04
1.395360000000001673e+04
1.393660000000001673e+04
1.396660000000001673e+04
1.384980000000001746e+04
1.394440000000001601e+04
1.394660000000001673e+04
1.404660000000001673e+04
1.404060000000001673e+04
1.401760000000001673e+04
1.401340000000001601e+04
1.403460000000001673e+04
1.399660000000001673e+04
1.401460000000001673e+04
1.397480000000001746e+04
1.402480000000001746e+04
1.397660000000001673e+04
1.398060000000001673e+04
1.390460000000001673e+04
1.394560000000001673e+04
1.404260000000001673e+04
1.399620000000001528e+04
1.395460000000001673e+04
1.404660000000001673e+04
1.399760000000001673e+04
1.395580000000001746e+04
1.381660000000001492e+04
1.404660000000001673e+04
1.400660000000001673e+04
1.400360000000001673e+04
1.390460000000001673e+04
1.404660000000001673e+04
1.394220000000001528e+04
1.404660000000001673e+04
1.380960000000001310e+04
1.404660000000001673e+04
1.393200000000001455e+04
1.402660000000001673e+04
1.402040000000001601e+04
1.403600000000001819e+04
1.402960000000001673e+04
1.393900000000001637e+04
1.400360000000001673e+04
1.385880000000001564e+04
1.399660000000001673e+04
1.403660000000001673e+04
1.397660000000001673e+04
1.399360000000001673e+04
1.404660000000001673e+04
1.404660000000001673e+04
1.400060000000001673e+04
1.398640000000001601e+04
1.404660000000001673e+04
1.404560000000001673e+04
1.394560000000001673e+04
1.399160000000001673e+04
1.404660000000001673e+04
1.404320000000001710e+04
1.399060000000001673e+04
1.404660000000001673e+04
1.402460000000001673e+04
1.402160000000001673e+04
1.400260000000001673e+04
1.401960000000001673e+04
1.404660000000001673e+04
1.399260000000001673e+04
1.382340000000001601e+04
1.401460000000001673e+04
1.403760000000001673e+04
1.403660000000001673e+04
1.397260000000001673e+04
1.402160000000001673e+04
1.396160000000001673e+04
1.402160000000001673e+04
1.387020000000001528e+04
1.401260000000001673e+04
1.400160000000001673e+04
1.401860000000001673e+04
1.399760000000001673e+04
1.397660000000001673e+04
1.400900000000001819e+04
1.402260000000001673e+04
1.401860000000001673e+04
1.403860000000001673e+04
1.401760000000001673e+04
1.398340000000001601e+04
1.396360000000001673e+04
1.404660000000001673e+04
1.397460000000001673e+04
1.397280000000001746e+04
1.401320000000001710e+04
1.404460000000001673e+04
1.403160000000001673e+04
1.403960000000001673e+04
1.403260000000001673e+04
1.401360000000001673e+04
1.401860000000001673e+04
1.393760000000001673e+04
1.404660000000001673e+04
1.401560000000001673e+04
1.403060000000001673e+04
1.404420000000001710e+04
1.399260000000001673e+04
1.402540000000001601e+04
1.398960000000001673e+04
1.392140000000001601e+04
1.404660000000001673e+04
1.392660000000001673e+04
1.400060000000001673e+04
1.404660000000001673e+04
1.404260000000001673e+04
1.393780000000001746e+04
1.400560000000001673e+04
1.399760000000001673e+04
1.390860000000001673e+04
1.400160000000001673e+04
1.398000000000001637e+04
1.399260000000001673e+04
1.402260000000001673e+04
1.394660000000001673e+04
1.399760000000001673e+04
1.387460000000001492e+04
1.402360000000001673e+04
1.398720000000001528e+04
1.396720000000001710e+04
1.402960000000001673e+04
1.390580000000001746e+04
1.394180000000001746e+04
1.403760000000001673e+04
1.400060000000001673e+04
1.404060000000001673e+04
1.395980000000001564e+04
1.399160000000001673e+04
1.370060000000001310e+04
1.391680000000001746e+04
1.395460000000001673e+04
1.385260000000001492e+04
1.383860000000001492e+04
1.390060000000001673e+04
1.404160000000001673e+04
1.401400000000001637e+04
1.387960000000001673e+04
1.399060000000001673e+04
1.401560000000001673e+04
1.400660000000001673e+04
1.399440000000001601e+04
1.401960000000001673e+04
1.404360000000001673e+04
1.403160000000001673e+04
1.402260000000001673e+04
1.395260000000001673e+04
1.400160000000001673e+04
1.397620000000001528e+04
1.400040000000001601e+04
1.394360000000001673e+04
1.394100000000001455e+04
1.403860000000001673e+04
1.399460000000001673e+04
1.399060000000001673e+04
1.403660000000001673e+04
1.404660000000001673e+04
1.404460000000001673e+04
1.404260000000001673e+04
1.403460000000001673e+04
1.401560000000001673e+04
1.403660000000001673e+04
1.401460000000001673e+04
1.400260000000001673e+04
1.402060000000001673e+04
1.383160000000001310e+04
1.403860000000001673e+04
1.401760000000001673e+04
1.400360000000001673e+04
1.389360000000001673e+04
1.394860000000001673e+04
1.403060000000001673e+04
1.399260000000001673e+04
1.401460000000001673e+04
1.401160000000001673e+04
1.404660000000001673e+04
1.404060000000001673e+04
1.403640000000001601e+04
1.396360000000001673e+04
1.404660000000001673e+04
1.397660000000001673e+04
1.384200000000001637e+04
1.398860000000001673e+04
1.399660000000001673e+04
1.402920000000001710e+04
1.392160000000001492e+04
1.389260000000001673e+04
1.397560000000001673e+04
1.402460000000001673e+04
1.403160000000001673e+04
1.402960000000001673e+04
1.400960000000001673e+04
1.397740000000001601e+04
1.401660000000001673e+04
1.395160000000001673e+04
1.401740000000001601e+04
1.403660000000001673e+04
1.401360000000001673e+04
1.404660000000001673e+04
1.403160000000001673e+04
1.399420000000001710e+04
1.403460000000001673e+04
1.402360000000001673e+04
1.403160000000001673e+04
1.402960000000001673e+04
1.399760000000001673e+04
1.393260000000001673e+04
1.386460000000001673e+04
1.398560000000001673e+04
1.398560000000001673e+04
1.404660000000001673e+04
1.395860000000001673e+04
1.404660000000001673e+04
1.402540000000001601e+04
1.397860000000001673e+04
1.403700000000001819e+04
1.388900000000001455e+04
1.403160000000001673e+04
1.397720000000001528e+04
1.402900000000001637e+04
1.400260000000001673e+04
1.392760000000001673e+04
1.397620000000001710e+04
1.403060000000001673e+04
1.401880000000001746e+04
1.394260000000001673e+04
1.398360000000001673e+04
1.403560000000001673e+04
1.399260000000001673e+04
1.393460000000001673e+04
1.399660000000001673e+04
1.401840000000001601e+04
1.401160000000001673e+04
1.401960000000001673e+04
1.396880000000001746e+04
1.392220000000001528e+04
1.398920000000001710e+04
1.391560000000001673e+04
1.404260000000001673e+04
1.400360000000001673e+04
1.399960000000001673e+04
1.399460000000001673e+04
1.394600000000001455e+04
1.401460000000001673e+04
1.390080000000001746e+04
1.404660000000001673e+04
1.402860000000001673e+04
1.400260000000001673e+04
1.389660000000001492e+04
1.403540000000001601e+04
1.402460000000001673e+04
1.404100000000001819e+04
1.403860000000001673e+04
1.402360000000001673e+04
1.397660000000001673e+04
1.402960000000001673e+04
1.398860000000001673e+04
1.404660000000001673e+04
1.400460000000001673e+04
1.401240000000001783e+04
1.397920000000001710e+04
1.402660000000001673e+04
1.392060000000001673e+04
1.404660000000001673e+04
1.397560000000001673e+04
1.398720000000001528e+04
1.400960000000001673e+04
1.399360000000001673e+04
1.400160000000001673e+04
1.400660000000001673e+04
1.400860000000001673e+04
1.402360000000001673e+04
1.401360000000001673e+04
1.397440000000001601e+04
1.396960000000001673e+04
1.404660000000001673e+04
1.404560000000001673e+04
1.393260000000001673e+04
1.398160000000001673e+04
1.404660000000001673e+04
1.400160000000001673e+04
1.397360000000001673e+04
1.402860000000001673e+04
1.394260000000001673e+04
1.404460000000001673e+04
1.396640000000001601e+04
1.400760000000001673e+04
1.400220000000001710e+04
1.404260000000001673e+04
1.401160000000001673e+04
1.404660000000001673e+04
1.398380000000001746e+04
1.404660000000001673e+04
1.401860000000001673e+04
1.401360000000001673e+04
1.401860000000001673e+04
1.402540000000001783e+04
1.402900000000001637e+04
1.404660000000001673e+04
1.395540000000001601e+04
1.398940000000001601e+04
1.404260000000001673e+04
1.401960000000001673e+04
1.394360000000001673e+04
1.401260000000001673e+04
1.404660000000001673e+04
1.391960000000001492e+04
1.403860000000001673e+04
1.401980000000001746e+04
1.400400000000001819e+04
1.399160000000001673e+04
1.402660000000001673e+04
1.404660000000001673e+04
1.403860000000001673e+04
1.404060000000001673e+04
1.380260000000001492e+04
1.397660000000001673e+04
1.400760000000001673e+04
1.401660000000001673e+04
1.398160000000001673e+04
1.400760000000001673e+04
1.404560000000001673e+04
1.403860000000001673e+04
1.400860000000001673e+04
1.399880000000001746e+04
1.404560000000001673e+04
1.403660000000001673e+04
1.401460000000001673e+04
1.401260000000001673e+04
1.385560000000001673e+04
1.404060000000001673e+04
1.390560000000001673e+04
1.392080000000001746e+04
1.384000000000001455e+04
1.386800000000001637e+04
1.390260000000001673e+04
1.383600000000001455e+04
1.390360000000001492e+04
1.395160000000001673e+04
1.386360000000001492e+04
1.382460000000001673e+04
1.402860000000001673e+04
1.403060000000001673e+04
1.389300000000001637e+04
1.400160000000001673e+04
1.402780000000001746e+04
1.398000000000001637e+04
1.398460000000001673e+04
1.399860000000001673e+04
1.400360000000001673e+04
1.404460000000001673e+04
1.399360000000001673e+04
1.400580000000001746e+04
1.400960000000001673e+04
1.399720000000001710e+04
1.404660000000001673e+04
1.404060000000001673e+04
1.403460000000001673e+04
1.403460000000001673e+04
1.396020000000001710e+04
1.402560000000001673e+04
1.404560000000001673e+04
1.402460000000001673e+04
1.399000000000001637e+04
1.400560000000001673e+04
1.403960000000001673e+04
1.392760000000001673e+04
1.401460000000001673e+04
1.397320000000001528e+04
1.404160000000001673e+04
1.401760000000001673e+04
1.404660000000001673e+04
1.399900000000001637e+04
1.394460000000001673e+04
1.397560000000001673e+04
1.403260000000001673e+04
1.404160000000001673e+04
1.401960000000001673e+04
1.402880000000001746e+04
1.391060000000001492e+04
1.395160000000001673e+04
1.393460000000001673e+04
1.401960000000001673e+04
1.397160000000001673e+04
1.404260000000001673e+04
1.401260000000001673e+04
1.402760000000001673e+04
1.401960000000001673e+04
1.398540000000001601e+04
1.402360000000001673e+04
1.396660000000001673e+04
1.404660000000001673e+04
1.399660000000001673e+04
1.403760000000001673e+04
1.402760000000001673e+04
1.401960000000001673e+04
1.403960000000001673e+04
1.399160000000001673e+04
1.400160000000001673e+04
1.404160000000001673e+04
1.401260000000001673e+04
1.403760000000001673e+04
1.386920000000001710e+04
1.401040000000001601e+04
1.397120000000001710e+04
1.386460000000001673e+04
1.395100000000001637e+04
1.398660000000001673e+04
1.391140000000001419e+04
1.400440000000001601e+04
1.398460000000001673e+04
1.402360000000001673e+04
1.386800000000001455e+04
1.384800000000001455e+04
1.391400000000001637e+04
1.392560000000001673e+04
1.394840000000001783e+04
1.400860000000001673e+04
1.374960000000001310e+04
1.391460000000001673e+04
1.369160000000001310e+04
1.398960000000001673e+04
1.374100000000001637e+04
1.398660000000001673e+04
1.391060000000001673e+04
1.389160000000001492e+04
1.391260000000001492e+04
1.397940000000001601e+04
1.397660000000001673e+04
1.400500000000001637e+04
1.391560000000001673e+04
1.404260000000001673e+04
1.396700000000001637e+04
1.402160000000001673e+04
1.397700000000001819e+04
1.394920000000001710e+04
1.394800000000001637e+04
1.389840000000001601e+04
1.391860000000001673e+04
1.392520000000001710e+04
1.391560000000001673e+04
1.383220000000001528e+04
1.399360000000001673e+04
1.399760000000001673e+04
1.397760000000001673e+04
1.388160000000001492e+04
1.401820000000001528e+04
1.399560000000001673e+04
1.402920000000001528e+04
1.399060000000001673e+04
1.400960000000001673e+04
1.392500000000001637e+04
1.404660000000001673e+04
1.403060000000001673e+04
1.403180000000001746e+04
1.392960000000001673e+04
1.399660000000001673e+04
1.395060000000001673e+04
1.392260000000001673e+04
1.399360000000001673e+04
1.396160000000001673e+04
1.390660000000001673e+04
1.400660000000001673e+04
1.397760000000001673e+04
1.396540000000001601e+04
1.396540000000001601e+04
1.397680000000001746e+04
1.394060000000001673e+04
1.398400000000001637e+04
1.397360000000001673e+04
1.400920000000001710e+04
1.396060000000001673e+04
1.400440000000001601e+04
1.404660000000001673e+04
1.401260000000001673e+04
1.391560000000001673e+04
1.389060000000001492e+04
1.399540000000001601e+04
1.397100000000001637e+04
1.400960000000001673e+04
1.404660000000001673e+04
1.404260000000001673e+04
1.404660000000001673e+04
1.402460000000001673e+04
1.404060000000001673e+04
1.394060000000001673e+04
1.402760000000001673e+04
1.400260000000001673e+04
1.398760000000001673e+04
1.403960000000001673e+04
1.399060000000001673e+04
1.397200000000001455e+04
1.399000000000001637e+04
1.401860000000001673e+04
1.397160000000001673e+04
1.395460000000001673e+04
1.399780000000001564e+04
1.395160000000001673e+04
1.389340000000001601e+04
1.401460000000001673e+04
1.385860000000001492e+04
1.395180000000001564e+04
1.399900000000001637e+04
1.400160000000001673e+04
1.399460000000001673e+04
1.390760000000001673e+04
1.397560000000001673e+04
1.404660000000001673e+04
1.399060000000001673e+04
1.399800000000001819e+04
1.396440000000001601e+04
1.404260000000001673e+04
1.400560000000001673e+04
1.403360000000001673e+04
1.389300000000001637e+04
1.403260000000001673e+04
1.398840000000001601e+04
1.397840000000001601e+04
1.404160000000001673e+04
1.403760000000001673e+04
1.398140000000001601e+04
1.404160000000001673e+04
1.402260000000001673e+04
1.401960000000001673e+04
1.396160000000001673e+04
1.404080000000001746e+04
1.402940000000001601e+04
1.404560000000001673e+04
1.391980000000001746e+04
1.404660000000001673e+04
1.398860000000001673e+04
1.404660000000001673e+04
1.402460000000001673e+04
1.402660000000001673e+04
1.400460000000001673e+04
1.402360000000001673e+04
1.404460000000001673e+04
1.396740000000001601e+04
1.402760000000001673e+04
1.390820000000001710e+04
1.373780000000001382e+04
1.386960000000001673e+04
1.387800000000001455e+04
1.404660000000001673e+04
1.390660000000001492e+04
1.395460000000001673e+04
1.404460000000001673e+04
1.395960000000001673e+04
1.402360000000001673e+04
1.399000000000001637e+04
1.397920000000001710e+04
1.393160000000001673e+04
1.394940000000001601e+04
1.388160000000001673e+04
1.382160000000001673e+04
1.387960000000001492e+04
1.390740000000001601e+04
1.373140000000001237e+04
1.403260000000001673e+04
1.388260000000001673e+04
1.401100000000001819e+04
1.399760000000001673e+04
1.380980000000001564e+04
1.394400000000001819e+04
1.391960000000001673e+04
1.391360000000001673e+04
1.393960000000001673e+04
1.398160000000001673e+04
1.401640000000001783e+04
1.402760000000001673e+04
1.395760000000001673e+04
1.402860000000001673e+04
1.394340000000001601e+04
1.397440000000001783e+04
1.398360000000001673e+04
1.402760000000001673e+04
1.403960000000001673e+04
1.401060000000001673e+04
1.397860000000001673e+04
1.403760000000001673e+04
1.396060000000001673e+04
1.401060000000001673e+04
1.398280000000001746e+04
1.402360000000001673e+04
1.402420000000001528e+04
1.402860000000001673e+04
1.398060000000001673e+04
1.402220000000001528e+04
1.393060000000001673e+04
1.399460000000001673e+04
1.401460000000001673e+04
1.401940000000001601e+04
1.401540000000001601e+04
1.398860000000001673e+04
1.398460000000001673e+04
1.402160000000001673e+04
1.387980000000001746e+04
1.392660000000001673e+04
1.380240000000001237e+04
1.398460000000001673e+04
1.404660000000001673e+04
1.403960000000001673e+04
1.394920000000001528e+04
1.404660000000001673e+04
1.404040000000001601e+04
1.403760000000001673e+04
1.401560000000001673e+04
1.400160000000001673e+04
1.402760000000001673e+04
1.400820000000001528e+04
1.404060000000001673e+04
1.401860000000001673e+04
1.386100000000001637e+04
1.404360000000001673e+04
1.386260000000001673e+04
1.388260000000001673e+04
1.403660000000001673e+04
1.401720000000001710e+04
1.398240000000001601e+04
1.399160000000001673e+04
1.403460000000001673e+04
1.401360000000001673e+04
1.396960000000001673e+04
1.395460000000001673e+04
1.390720000000001710e+04
1.389960000000001673e+04
1.385960000000001673e+04
1.388360000000001673e+04
1.398560000000001673e+04
1.397900000000001637e+04
1.399760000000001673e+04
1.401160000000001673e+04
1.398560000000001673e+04
1.400300000000001819e+04
1.399900000000001637e+04
1.402580000000001746e+04
1.402560000000001673e+04
1.399060000000001673e+04
1.376740000000001601e+04
1.403660000000001673e+04
1.393960000000001673e+04
1.400440000000001601e+04
1.404160000000001673e+04
1.404360000000001673e+04
1.398120000000001528e+04
1.397320000000001528e+04
1.401460000000001673e+04
1.396260000000001673e+04
1.394060000000001673e+04
1.400060000000001673e+04
1.399560000000001673e+04
1.395120000000001710e+04
1.402460000000001673e+04
1.393160000000001673e+04
1.403060000000001673e+04
1.393860000000001673e+04
1.400900000000001819e+04
1.394980000000001564e+04
1.400260000000001673e+04
1.402160000000001673e+04
1.391720000000001528e+04
1.397860000000001673e+04
1.399160000000001673e+04
1.389660000000001492e+04
1.401920000000001710e+04
1.403360000000001673e+04
1.403160000000001673e+04
1.404300000000001637e+04
1.401600000000001637e+04
1.401860000000001673e+04
1.393680000000001746e+04
1.400760000000001673e+04
1.404660000000001673e+04
1.388960000000001673e+04
1.386260000000001673e+04
1.389160000000001492e+04
1.393160000000001492e+04
1.398180000000001746e+04
1.399060000000001673e+04
1.396560000000001673e+04
1.404360000000001673e+04
1.404660000000001673e+04
1.402260000000001673e+04
1.397940000000001601e+04
1.400920000000001710e+04
1.404560000000001673e+04
1.400660000000001673e+04
1.397860000000001673e+04
1.399060000000001673e+04
1.402640000000001601e+04
1.402760000000001673e+04
1.404660000000001673e+04
1.392200000000001637e+04
1.393960000000001673e+04
1.399460000000001673e+04
1.401960000000001673e+04
1.399960000000001673e+04
1.401860000000001673e+04
1.403920000000001710e+04
1.402660000000001673e+04
1.404660000000001673e+04
1.400560000000001673e+04
1.387640000000001601e+04
1.399000000000001637e+04
1.401800000000001819e+04
1.403860000000001673e+04
1.403060000000001673e+04
1.401960000000001673e+04
1.397120000000001710e+04
1.393860000000001673e+04
1.401160000000001673e+04
1.404660000000001673e+04
1.403860000000001673e+04
1.404260000000001673e+04
1.403160000000001673e+04
1.392200000000001455e+04
1.399960000000001673e+04
1.398660000000001673e+04
1.399660000000001673e+04
1.399860000000001673e+04
1.400260000000001673e+04
1.404660000000001673e+04
1.404660000000001673e+04
1.395040000000001601e+04
1.399260000000001673e+04
1.393760000000001673e+04
1.388260000000001673e+04
1.403460000000001673e+04
1.397160000000001673e+04
1.391360000000001673e+04
1.373680000000001201e+04
1.363760000000001310e+04
1.391060000000001673e+04
1.401460000000001673e+04
1.400180000000001564e+04
1.396600000000001637e+04
1.402460000000001673e+04
1.400060000000001673e+04
1.404400000000001637e+04
1.401580000000001564e+04
1.392860000000001673e+04
1.389840000000001601e+04
1.395180000000001746e+04
1.399760000000001673e+04
1.390460000000001673e+04
1.390700000000001637e+04
1.401720000000001710e+04
1.322140000000001419e+04
1.398460000000001673e+04
1.404460000000001673e+04
1.387460000000001673e+04
1.395160000000001673e+04
1.394120000000001710e+04
1.395160000000001673e+04
1.387760000000001492e+04
1.398560000000001673e+04
1.380860000000001673e+04
1.401360000000001673e+04
1.390200000000001455e+04
1.396840000000001601e+04
1.404260000000001673e+04
1.404260000000001673e+04
1.400160000000001673e+04
1.400320000000001710e+04
1.399060000000001673e+04
1.399060000000001673e+04
1.397860000000001673e+04
1.397660000000001673e+04
1.402560000000001673e+04
1.399160000000001673e+04
1.380060000000001310e+04
1.397880000000001746e+04
1.398000000000001637e+04
1.370260000000001310e+04
1.398260000000001673e+04
1.402260000000001673e+04
1.392840000000001601e+04
1.402640000000001601e+04
1.403260000000001673e+04
1.401760000000001673e+04
1.394960000000001673e+04
1.400260000000001673e+04
1.398460000000001673e+04
1.400560000000001673e+04
1.403800000000001637e+04
1.399660000000001673e+04
1.404560000000001673e+04
1.396760000000001673e+04
1.389640000000001601e+04
1.400960000000001673e+04
1.398760000000001673e+04
1.393060000000001673e+04
1.403660000000001673e+04
1.402120000000001528e+04
1.403660000000001673e+04
1.398960000000001673e+04
1.392760000000001673e+04
1.393920000000001710e+04
1.403380000000001746e+04
1.395740000000001601e+04
1.403760000000001673e+04
1.399880000000001746e+04
1.401960000000001673e+04
1.398960000000001673e+04
1.401820000000001528e+04
1.398960000000001673e+04
1.403560000000001673e+04
1.385960000000001673e+04
1.400660000000001673e+04
1.397560000000001673e+04
1.402060000000001673e+04
1.404660000000001673e+04
1.404260000000001673e+04
1.400860000000001673e+04
1.397980000000001746e+04
1.402540000000001601e+04
1.399500000000001637e+04
1.400560000000001673e+04
1.395880000000001746e+04
1.391060000000001673e+04
1.396200000000001637e+04
1.394960000000001673e+04
1.397560000000001673e+04
1.404260000000001673e+04
1.404460000000001673e+04
1.399360000000001673e+04
1.403460000000001673e+04
1.399400000000001637e+04
1.401660000000001673e+04
1.402760000000001673e+04
1.403760000000001673e+04
1.399760000000001673e+04
1.399460000000001673e+04
1.400760000000001673e+04
1.392660000000001673e+04
1.398560000000001673e+04
1.397720000000001710e+04
1.404360000000001673e+04
1.399480000000001564e+04
1.396900000000001819e+04
1.404260000000001673e+04
1.399160000000001673e+04
1.397860000000001673e+04
1.403360000000001673e+04
1.400760000000001673e+04
1.402760000000001673e+04
1.400460000000001673e+04
1.404660000000001673e+04
1.403160000000001673e+04
1.400260000000001673e+04
1.398360000000001673e+04
1.396660000000001673e+04
1.403760000000001673e+04
1.404660000000001673e+04
1.401900000000001637e+04
1.398660000000001673e+04
1.401160000000001673e+04
1.397560000000001673e+04
1.403460000000001673e+04
1.396760000000001673e+04
1.402560000000001673e+04
1.402160000000001673e+04
1.399860000000001673e+04
1.401040000000001601e+04
1.402940000000001601e+04
1.398160000000001673e+04
1.400860000000001673e+04
1.401660000000001673e+04
1.401240000000001601e+04
1.397160000000001673e+04
1.393700000000001637e+04
1.404460000000001673e+04
1.404560000000001673e+04
1.399560000000001673e+04
1.403020000000001710e+04
1.401460000000001673e+04
1.401460000000001673e+04
1.386660000000001492e+04
1.399040000000001601e+04
1.394260000000001673e+04
1.401260000000001673e+04
1.402460000000001673e+04
1.400460000000001673e+04
1.384660000000001310e+04
1.396340000000001601e+04
1.399660000000001673e+04
1.402760000000001673e+04
1.396940000000001601e+04
1.393160000000001673e+04
1.398360000000001673e+04
1.389060000000001492e+04
1.392140000000001601e+04
1.398060000000001673e+04
1.397660000000001673e+04
1.403600000000001637e+04
1.398260000000001673e+04
1.397460000000001673e+04
1.404360000000001673e+04
1.398200000000001637e+04
1.393860000000001673e+04
1.393540000000001601e+04
1.400760000000001673e+04
1.390260000000001673e+04
1.404560000000001673e+04
1.402360000000001673e+04
1.402160000000001673e+04
1.402600000000001637e+04
1.401860000000001673e+04
1.401060000000001673e+04
1.404080000000001746e+04
1.404060000000001673e+04
1.402220000000001710e+04
1.397860000000001673e+04
1.401200000000001819e+04
1.400540000000001601e+04
1.401860000000001673e+04
1.400940000000001783e+04
1.394460000000001673e+04
1.400860000000001673e+04
1.404520000000001710e+04
1.395260000000001673e+04
1.400160000000001673e+04
1.403560000000001673e+04
1.398760000000001673e+04
1.401660000000001673e+04
1.399620000000001710e+04
1.402760000000001673e+04
1.399100000000001637e+04
1.400020000000001710e+04
1.404660000000001673e+04
1.400260000000001673e+04
1.401860000000001673e+04
1.396660000000001673e+04
1.396920000000001528e+04
1.395660000000001673e+04
1.389960000000001673e+04
1.397260000000001673e+04
1.390560000000001673e+04
1.393340000000001601e+04
1.396260000000001673e+04
1.398360000000001673e+04
1.399860000000001673e+04
1.397040000000001601e+04
1.403760000000001673e+04
1.399100000000001637e+04
1.397220000000001710e+04
1.392360000000001673e+04
1.391060000000001673e+04
1.389040000000001601e+04
1.398360000000001673e+04
1.401060000000001673e+04
1.398060000000001673e+04
1.391840000000001601e+04
1.400260000000001673e+04
1.396060000000001673e+04
1.399520000000001710e+04
1.392960000000001673e+04
1.400360000000001673e+04
1.401760000000001673e+04
1.400360000000001673e+04
1.403660000000001673e+04
1.400560000000001673e+04
1.394800000000001455e+04
1.400860000000001673e+04
1.401860000000001673e+04
1.403260000000001673e+04
1.402760000000001673e+04
1.398760000000001673e+04
1.396540000000001601e+04
1.397280000000001564e+04
1.401260000000001673e+04
1.402860000000001673e+04
1.400160000000001673e+04
1.402460000000001673e+04
1.401860000000001673e+04
1.403660000000001673e+04
1.403160000000001673e+04
1.401760000000001673e+04
1.395460000000001673e+04
1.404660000000001673e+04
1.399060000000001673e+04
1.402960000000001673e+04
1.404660000000001673e+04
1.404660000000001673e+04
1.403460000000001673e+04
1.404460000000001673e+04
1.404660000000001673e+04
1.404660000000001673e+04
1.403460000000001673e+04
1.395060000000001673e+04
1.401160000000001673e+04
1.399360000000001673e+04
1.401760000000001673e+04
1.394960000000001673e+04
1.397360000000001673e+04
1.403460000000001673e+04
1.403060000000001673e+04
1.396820000000001710e+04
1.401360000000001673e+04
1.404660000000001673e+04
1.397260000000001673e+04
1.395860000000001673e+04
1.402160000000001673e+04
1.401060000000001673e+04
1.404660000000001673e+04
1.404560000000001673e+04
1.395020000000001710e+04
1.403060000000001673e+04
1.400340000000001601e+04
1.390720000000001528e+04
1.400260000000001673e+04
1.395760000000001673e+04
1.397880000000001746e+04
1.399060000000001673e+04
1.392200000000001637e+04
1.400060000000001673e+04
1.396140000000001601e+04
1.385760000000001492e+04
1.397500000000001637e+04
1.401500000000001637e+04
1.404140000000001601e+04
1.402460000000001673e+04
1.395060000000001673e+04
1.396840000000001601e+04
1.397720000000001528e+04
1.401660000000001673e+04
1.394060000000001673e+04
1.399760000000001673e+04
1.401260000000001673e+04
1.399360000000001673e+04
1.396240000000001601e+04
1.402060000000001673e+04
1.404560000000001673e+04
1.401560000000001673e+04
1.396660000000001673e+04
1.404660000000001673e+04
1.402460000000001673e+04
1.394060000000001673e+04
1.401260000000001673e+04
1.404660000000001673e+04
1.400560000000001673e+04
1.399460000000001673e+04
1.392160000000001673e+04
1.398720000000001528e+04
1.400980000000001564e+04
1.380540000000001601e+04
1.397740000000001601e+04
1.401860000000001673e+04
1.404260000000001673e+04
1.397240000000001601e+04
1.400660000000001673e+04
1.400560000000001673e+04
1.400240000000001601e+04
1.401760000000001673e+04
1.394040000000001601e+04
1.390660000000001673e+04
1.402640000000001601e+04
1.395460000000001673e+04
1.404360000000001673e+04
1.400960000000001673e+04
1.402160000000001673e+04
1.395460000000001673e+04
1.397400000000001637e+04
1.393700000000001637e+04
1.402440000000001601e+04
1.403360000000001673e+04
1.399080000000001564e+04
1.396460000000001673e+04
1.385940000000001601e+04
1.371920000000001528e+04
1.399960000000001673e+04
1.402860000000001673e+04
1.402860000000001673e+04
1.402360000000001673e+04
1.404460000000001673e+04
1.404660000000001673e+04
1.400420000000001710e+04
1.400460000000001673e+04
1.396260000000001673e+04
1.398280000000001746e+04
1.395260000000001673e+04
1.399940000000001601e+04
1.397360000000001673e+04
1.380960000000001310e+04
1.396160000000001673e+04
1.390560000000001673e+04
1.399580000000001746e+04
1.404660000000001673e+04
1.390860000000001492e+04
1.398060000000001673e+04
1.397860000000001673e+04
1.404560000000001673e+04
1.398560000000001673e+04
1.402860000000001673e+04
1.397560000000001673e+04
1.396380000000001564e+04
1.403260000000001673e+04
1.387460000000001673e+04
1.402760000000001673e+04
1.402940000000001601e+04
1.404260000000001673e+04
1.399460000000001673e+04
1.403160000000001673e+04
1.394760000000001673e+04
1.397220000000001710e+04
1.402460000000001673e+04
1.402860000000001673e+04
1.400560000000001673e+04
1.399860000000001673e+04
1.384500000000001455e+04
1.391320000000001528e+04
1.386640000000001601e+04
1.388260000000001492e+04
1.394260000000001673e+04
1.399760000000001492e+04
1.392640000000001601e+04
1.397760000000001673e+04
1.356160000000001492e+04
1.403560000000001673e+04
1.394160000000001673e+04
1.398660000000001673e+04
1.403660000000001673e+04
1.401660000000001673e+04
1.401860000000001673e+04
1.398580000000001746e+04
1.400220000000001710e+04
1.398360000000001673e+04
1.404260000000001673e+04
1.387860000000001673e+04
1.402060000000001673e+04
1.398320000000001710e+04
1.399260000000001673e+04
1.389760000000001492e+04
1.402560000000001673e+04
1.403660000000001673e+04
1.398960000000001673e+04
1.399860000000001673e+04
1.398300000000001637e+04
1.398860000000001673e+04
1.404360000000001673e+04
1.398520000000001528e+04
1.399040000000001601e+04
1.400420000000001528e+04
1.399580000000001746e+04
1.403860000000001673e+04
1.402120000000001710e+04
1.403460000000001673e+04
1.402960000000001673e+04
1.403560000000001673e+04
1.404660000000001673e+04
1.404560000000001673e+04
1.404060000000001673e+04
1.399560000000001673e+04
1.401860000000001673e+04
1.399460000000001673e+04
1.403460000000001673e+04
1.404440000000001601e+04
1.392720000000001710e+04
1.401260000000001673e+04
1.404460000000001673e+04
1.397960000000001673e+04
1.400260000000001673e+04
1.404660000000001673e+04
1.397060000000001673e+04
1.395260000000001673e+04
1.385940000000001419e+04
1.386300000000001455e+04
1.403160000000001673e+04
1.387360000000001492e+04
1.403160000000001673e+04
1.399460000000001673e+04
1.401360000000001673e+04
1.402640000000001601e+04
1.393160000000001673e+04
1.399160000000001673e+04
1.399940000000001601e+04
1.399540000000001601e+04
1.400960000000001673e+04
1.398260000000001673e+04
1.402960000000001673e+04
1.404560000000001673e+04
1.404660000000001673e+04
1.398440000000001601e+04
1.402460000000001673e+04
1.400260000000001673e+04
1.398860000000001673e+04
1.402360000000001673e+04
1.394520000000001710e+04
1.398960000000001673e+04
1.381460000000001310e+04
1.401040000000001601e+04
1.404060000000001673e+04
1.404360000000001673e+04
1.397060000000001673e+04
1.403440000000001601e+04
1.403860000000001673e+04
1.397260000000001673e+04
1.397360000000001673e+04
1.394500000000001455e+04
1.404660000000001673e+04
1.401460000000001673e+04
1.404660000000001673e+04
1.402740000000001601e+04
1.395360000000001673e+04
1.401560000000001673e+04
1.400460000000001673e+04
1.399560000000001673e+04
1.397960000000001673e+04
1.402200000000001637e+04
1.403660000000001673e+04
1.402360000000001673e+04
1.400860000000001673e+04
1.401640000000001601e+04
1.401360000000001673e+04
1.402460000000001673e+04
1.400860000000001673e+04
1.402860000000001673e+04
1.401160000000001673e+04
1.403860000000001673e+04
1.400160000000001673e+04
1.404660000000001673e+04
1.397960000000001673e+04
1.402460000000001673e+04
1.401160000000001673e+04
1.382960000000001310e+04
1.396560000000001673e+04
1.400160000000001673e+04
1.388260000000001673e+04
1.400660000000001673e+04
1.404560000000001673e+04
1.401560000000001673e+04
1.404160000000001673e+04
1.398860000000001673e+04
1.402660000000001673e+04
1.399240000000001601e+04
1.402160000000001673e+04
1.400560000000001673e+04
1.401560000000001673e+04
1.400420000000001528e+04
1.394920000000001528e+04
1.404060000000001673e+04
1.403860000000001673e+04
1.402160000000001673e+04
1.399760000000001673e+04
1.402360000000001673e+04
1.400760000000001673e+04
1.403620000000001710e+04
1.394300000000001637e+04
1.404660000000001673e+04
1.399860000000001673e+04
1.403660000000001673e+04
1.396560000000001673e+04
1.401060000000001673e+04
1.404660000000001673e+04
1.399500000000001637e+04
1.388460000000001492e+04
1.404660000000001673e+04
1.404280000000001746e+04
1.397660000000001673e+04
1.401160000000001673e+04
1.384700000000001273e+04
1.404300000000001819e+04
1.402960000000001673e+04
1.395320000000001710e+04
1.391640000000001601e+04
1.400960000000001673e+04
1.398660000000001673e+04
1.395940000000001601e+04
1.382660000000001673e+04
1.390060000000001492e+04
1.404180000000001564e+04
1.400720000000001710e+04
1.401360000000001673e+04
1.395660000000001673e+04
1.404660000000001673e+04
1.401040000000001601e+04
1.404660000000001673e+04
1.403060000000001673e+04
1.399000000000001637e+04
1.402860000000001673e+04
1.401660000000001673e+04
1.402160000000001673e+04
1.404660000000001673e+04
1.402860000000001673e+04
1.397940000000001601e+04
1.398660000000001673e+04
1.402160000000001673e+04
1.403060000000001673e+04
1.402460000000001673e+04
1.404160000000001673e+04
1.394460000000001673e+04
1.401240000000001601e+04
1.396320000000001710e+04
1.401660000000001673e+04
1.389760000000001673e+04
1.401120000000001528e+04
1.402020000000001710e+04
1.400860000000001673e+04
1.398460000000001673e+04
1.386660000000001673e+04
1.394860000000001673e+04
1.397040000000001601e+04
1.402000000000001637e+04
1.403260000000001673e+04
1.400640000000001601e+04
1.399260000000001673e+04
1.402960000000001673e+04
1.401460000000001673e+04
1.403940000000001601e+04
1.403460000000001673e+04
1.398560000000001673e+04
1.403360000000001673e+04
1.402860000000001673e+04
1.404340000000001601e+04
1.403360000000001673e+04
1.401760000000001673e+04
1.404460000000001673e+04
1.403140000000001601e+04
1.401860000000001673e+04
1.398760000000001673e+04
1.401660000000001673e+04
1.404660000000001673e+04
1.404260000000001673e+04
1.399440000000001601e+04
1.401360000000001673e+04
1.404560000000001673e+04
1.402960000000001673e+04
1.403060000000001673e+04
1.400960000000001673e+04
1.403760000000001673e+04
1.399360000000001673e+04
1.398460000000001673e+04
1.399760000000001673e+04
1.404660000000001673e+04
1.401560000000001673e+04
1.403600000000001819e+04
1.396360000000001673e+04
1.381660000000001492e+04
1.389360000000001492e+04
1.404660000000001673e+04
1.404160000000001673e+04
1.401460000000001673e+04
1.402960000000001673e+04
1.399660000000001673e+04
1.397860000000001673e+04
1.404040000000001601e+04
1.404460000000001673e+04
1.404560000000001673e+04
1.400760000000001673e+04
1.404060000000001673e+04
1.399560000000001673e+04
1.397060000000001673e+04
1.399400000000001637e+04
1.403360000000001673e+04
1.404460000000001673e+04
1.402960000000001673e+04
1.402560000000001673e+04
1.402240000000001601e+04
1.400160000000001673e+04
1.399860000000001673e+04
1.399700000000001637e+04
1.387100000000001637e+04
1.397960000000001673e+04
1.403360000000001673e+04
1.404560000000001673e+04
1.403460000000001673e+04
1.381040000000001783e+04
1.371260000000001310e+04
1.402300000000001819e+04
1.402740000000001601e+04
1.404360000000001673e+04
1.403960000000001673e+04
1.396960000000001673e+04
1.403560000000001673e+04
1.400860000000001673e+04
1.399860000000001673e+04
1.404660000000001673e+04
1.401460000000001673e+04
1.402160000000001673e+04
1.403060000000001673e+04
1.400360000000001673e+04
1.404660000000001673e+04
1.393560000000001673e+04
1.400280000000001564e+04
1.400860000000001673e+04
1.398960000000001673e+04
1.392960000000001673e+04
1.401460000000001673e+04
1.397660000000001673e+04
1.390360000000001673e+04
1.399820000000001710e+04
1.398900000000001637e+04
1.392660000000001673e+04
1.400760000000001673e+04
1.394960000000001673e+04
1.401660000000001673e+04
1.399800000000001637e+04
1.389900000000001455e+04
1.402160000000001673e+04
1.399860000000001673e+04
1.390320000000001710e+04
1.395260000000001673e+04
1.394960000000001673e+04
1.392000000000001455e+04
1.398760000000001673e+04
1.393560000000001673e+04
1.402360000000001673e+04
1.390860000000001673e+04
1.400160000000001673e+04
1.402760000000001673e+04
1.403760000000001673e+04
1.402460000000001673e+04
1.403460000000001673e+04
1.387740000000001419e+04
1.395520000000001528e+04
1.384460000000001310e+04
1.401960000000001673e+04
1.398240000000001601e+04
1.392760000000001492e+04
1.401760000000001673e+04
1.403260000000001673e+04
1.403060000000001673e+04
1.399960000000001673e+04
1.401360000000001673e+04
1.403460000000001673e+04
1.401440000000001601e+04
1.399560000000001673e+04
1.403760000000001673e+04
1.403760000000001673e+04
1.400860000000001673e+04
1.403640000000001601e+04
1.402760000000001673e+04
1.402660000000001673e+04
1.402560000000001673e+04
1.399160000000001673e+04
1.398020000000001528e+04
1.398780000000001746e+04
1.402560000000001673e+04
1.404260000000001673e+04
1.402460000000001673e+04
1.401960000000001673e+04
1.403860000000001673e+04
1.396740000000001601e+04
1.394900000000001455e+04
1.401160000000001673e+04
1.401000000000001637e+04
1.395480000000001746e+04
1.401860000000001673e+04
1.404060000000001673e+04
1.401360000000001673e+04
1.398060000000001673e+04
1.402660000000001673e+04
1.394560000000001673e+04
1.393500000000001637e+04
1.397560000000001673e+04
1.404660000000001673e+04
1.400600000000001637e+04
1.402200000000001819e+04
1.396660000000001673e+04
1.400280000000001746e+04
1.396500000000001637e+04
1.397060000000001673e+04
1.404660000000001673e+04
1.399880000000001564e+04
1.401860000000001673e+04
1.399300000000001637e+04
1.397580000000001564e+04
1.402660000000001673e+04
1.399400000000001637e+04
1.399760000000001673e+04
1.402140000000001601e+04
1.399800000000001637e+04
1.403560000000001673e+04
1.395520000000001710e+04
1.385760000000001673e+04
1.395160000000001673e+04
1.400340000000001601e+04
1.399340000000001601e+04
1.394840000000001601e+04
1.383720000000001528e+04
1.397940000000001601e+04
1.392060000000001673e+04
1.395460000000001673e+04
1.397060000000001673e+04
1.383860000000001673e+04
1.394340000000001601e+04
1.401460000000001673e+04
1.399340000000001601e+04
1.399060000000001673e+04
1.387160000000001492e+04
1.400360000000001673e+04
1.399740000000001601e+04
1.387960000000001492e+04
1.388500000000001637e+04
1.399460000000001673e+04
1.400360000000001673e+04
1.394420000000001528e+04
1.399360000000001673e+04
1.396460000000001673e+04
1.392320000000001528e+04
1.398860000000001673e+04
1.400940000000001601e+04
1.396060000000001673e+04
1.403660000000001673e+04
1.402660000000001673e+04
1.396660000000001673e+04
1.399080000000001746e+04
1.402460000000001673e+04
1.403940000000001601e+04
1.401760000000001673e+04
1.398320000000001528e+04
1.399560000000001673e+04
1.401260000000001673e+04
1.391860000000001673e+04
1.383060000000001673e+04
1.402380000000001746e+04
1.398960000000001673e+04
1.388120000000001528e+04
1.391620000000001528e+04
1.401960000000001673e+04
1.399440000000001601e+04
1.399560000000001673e+04
1.400560000000001673e+04
1.401180000000001746e+04
1.397060000000001673e+04
1.402560000000001673e+04
1.386760000000001673e+04
1.398260000000001673e+04
1.401360000000001673e+04
1.398160000000001673e+04
1.390560000000001673e+04
1.399060000000001673e+04
1.399320000000001710e+04
1.393840000000001601e+04
1.397160000000001673e+04
1.393260000000001673e+04
1.398880000000001746e+04
1.404260000000001673e+04
1.403560000000001673e+04
1.404660000000001673e+04
1.401220000000001710e+04
1.401060000000001673e+04
1.398340000000001601e+04
1.389340000000001601e+04
1.399680000000001746e+04
1.398360000000001673e+04
1.392660000000001673e+04
1.401500000000001637e+04
1.401060000000001673e+04
1.394120000000001528e+04
1.394460000000001673e+04
1.396340000000001601e+04
1.399740000000001783e+04
1.394720000000001710e+04
1.402060000000001673e+04
1.401760000000001673e+04
1.387760000000001492e+04
1.402560000000001673e+04
1.402160000000001673e+04
1.399960000000001673e+04
1.392960000000001673e+04
1.396580000000001746e+04
1.402160000000001673e+04
1.395240000000001601e+04
1.403960000000001673e+04
1.402860000000001673e+04
1.398760000000001673e+04
1.398960000000001673e+04
1.393660000000001673e+04
1.401160000000001673e+04
1.404380000000001746e+04
1.397100000000001455e+04
1.403160000000001673e+04
1.398260000000001673e+04
1.401160000000001673e+04
1.403960000000001673e+04
1.398960000000001673e+04
1.396640000000001601e+04
1.403300000000001637e+04
1.402460000000001673e+04
1.395140000000001601e+04
1.397520000000001528e+04
1.387840000000001783e+04
1.391760000000001673e+04
1.402060000000001673e+04
1.401960000000001673e+04
1.404460000000001673e+04
1.402360000000001673e+04
1.398760000000001673e+04
1.403460000000001673e+04
1.400060000000001673e+04
1.404560000000001673e+04
1.401160000000001673e+04
1.398460000000001673e+04
1.402860000000001673e+04
1.402100000000001637e+04
1.400860000000001673e+04
1.403060000000001673e+04
1.395760000000001673e+04
1.401680000000001746e+04
1.404660000000001673e+04
1.400220000000001528e+04
1.401260000000001673e+04
1.401560000000001673e+04
1.404260000000001673e+04
1.402460000000001673e+04
1.400660000000001673e+04
1.398560000000001673e+04
1.402360000000001673e+04
1.387460000000001673e+04
1.397860000000001673e+04
1.400280000000001746e+04
1.403160000000001673e+04
1.398640000000001601e+04
1.396060000000001673e+04
1.383500000000001637e+04
1.401060000000001673e+04
1.404660000000001673e+04
1.395720000000001528e+04
1.400460000000001673e+04
1.393420000000001528e+04
1.402460000000001673e+04
1.398840000000001601e+04
1.397760000000001673e+04
1.388560000000001673e+04
1.396260000000001673e+04
1.394180000000001746e+04
1.397240000000001601e+04
1.382860000000001310e+04
1.403760000000001673e+04
1.402560000000001673e+04
1.393360000000001673e+04
1.394140000000001601e+04
1.403460000000001673e+04
1.397420000000001528e+04
1.391560000000001673e+04
1.354960000000001673e+04
1.390660000000001673e+04
1.400460000000001673e+04
1.401860000000001673e+04
1.401060000000001673e+04
1.404160000000001673e+04
1.392320000000001710e+04
1.403860000000001673e+04
1.401080000000001746e+04
1.398400000000001819e+04
1.386660000000001673e+04
1.400260000000001673e+04
