3.640700000000004820e+03
3.065100000000002638e+03
6.045599999999998545e+03
5.864199999999995271e+03
5.871499999999999091e+03
5.713499999999999091e+03
5.597499999999999091e+03
6.769299999999996544e+03
6.407999999999994543e+03
6.362699999999997090e+03
4.682699999999994361e+03
5.631499999999998181e+03
7.395299999999995634e+03
7.331899999999996908e+03
6.843899999999995998e+03
8.263899999999999636e+03
7.855899999999997817e+03
8.001099999999996726e+03
7.689899999999995998e+03
8.183899999999996908e+03
7.901899999999995998e+03
8.555900000000001455e+03
8.583900000000001455e+03
8.272899999999997817e+03
9.279800000000008367e+03
9.244500000000007276e+03
8.885500000000007276e+03
8.956500000000009095e+03
8.707300000000006548e+03
9.089900000000005093e+03
9.144900000000006912e+03
9.336400000000006912e+03
9.118500000000005457e+03
8.957400000000006912e+03
9.012500000000005457e+03
8.720900000000006912e+03
9.011000000000005457e+03
9.115900000000006912e+03
8.552100000000004002e+03
8.855500000000005457e+03
9.610100000000000364e+03
9.689900000000001455e+03
9.139900000000006912e+03
9.573899999999999636e+03
9.415900000000001455e+03
9.904899999999997817e+03
1.011559999999999673e+04
9.277600000000004002e+03
9.231900000000005093e+03
1.004589999999999600e+04
9.619899999999999636e+03
9.801900000000001455e+03
9.937899999999999636e+03
9.681300000000001091e+03
9.451899999999999636e+03
8.885900000000003274e+03
9.423900000000001455e+03
9.303900000000003274e+03
9.532100000000002183e+03
9.271900000000003274e+03
9.645900000000001455e+03
1.000989999999999964e+04
9.437900000000003274e+03
9.777900000000001455e+03
9.515900000000001455e+03
9.465899999999999636e+03
1.022389999999999418e+04
1.047679999999999200e+04
9.505500000000001819e+03
9.771000000000001819e+03
1.001989999999999782e+04
1.070779999999999200e+04
1.001589999999999782e+04
1.012789999999999782e+04
1.009989999999999964e+04
1.035299999999999636e+04
1.010729999999999563e+04
9.907299999999999272e+03
9.516100000000002183e+03
1.028079999999999382e+04
9.986399999999997817e+03
9.961899999999997817e+03
9.990000000000000000e+03
9.717800000000001091e+03
9.655600000000000364e+03
9.539100000000000364e+03
9.734800000000001091e+03
1.014159999999999673e+04
9.673900000000001455e+03
1.002989999999999782e+04
9.391100000000004002e+03
1.045989999999999418e+04
1.013589999999999964e+04
1.023579999999999745e+04
9.892999999999998181e+03
9.589000000000000000e+03
9.744700000000000728e+03
1.002499999999999818e+04
1.060589999999999236e+04
9.653200000000002547e+03
1.039959999999999309e+04
9.792200000000000728e+03
9.889399999999999636e+03
9.663100000000000364e+03
1.025189999999999964e+04
9.462399999999997817e+03
1.004010000000000036e+04
1.013419999999999891e+04
1.064059999999999309e+04
9.693400000000003274e+03
1.014800000000000000e+04
1.065049999999999272e+04
1.032569999999999345e+04
9.807600000000004002e+03
1.019469999999999891e+04
1.024649999999999454e+04
9.607700000000004366e+03
1.008649999999999818e+04
1.045479999999999018e+04
8.934700000000004366e+03
9.901200000000000728e+03
9.919599999999998545e+03
9.577000000000000000e+03
1.018949999999999636e+04
1.001079999999999745e+04
9.571699999999998909e+03
9.744000000000000000e+03
9.939199999999997090e+03
9.497500000000003638e+03
9.398400000000003274e+03
9.746500000000000000e+03
1.017759999999999491e+04
1.011299999999999818e+04
1.053049999999999454e+04
1.072729999999999018e+04
1.001409999999999854e+04
1.029759999999999673e+04
9.815700000000002547e+03
1.007789999999999964e+04
1.034099999999999454e+04
9.827800000000001091e+03
9.610800000000001091e+03
1.020539999999999782e+04
1.007639999999999782e+04
9.797299999999999272e+03
9.985500000000000000e+03
9.854500000000000000e+03
9.739900000000001455e+03
1.000089999999999782e+04
9.899899999999997817e+03
1.039289999999999236e+04
9.803700000000002547e+03
9.745900000000001455e+03
9.599900000000001455e+03
9.737600000000000364e+03
1.023779999999999563e+04
1.047989999999999236e+04
9.345600000000004002e+03
9.772000000000001819e+03
1.065779999999999200e+04
1.008969999999999891e+04
9.043300000000006548e+03
9.127100000000002183e+03
1.044239999999999418e+04
9.681000000000000000e+03
9.849600000000000364e+03
1.006629999999999927e+04
9.308300000000001091e+03
9.901299999999999272e+03
9.835800000000002910e+03
1.040639999999999600e+04
1.064349999999999454e+04
9.653500000000003638e+03
1.036799999999999272e+04
1.049759999999999127e+04
1.000699999999999818e+04
9.855799999999997453e+03
1.059389999999999054e+04
9.711600000000000364e+03
1.014909999999999854e+04
1.041379999999999200e+04
1.018799999999999636e+04
1.041599999999999636e+04
9.835500000000001819e+03
1.030069999999999891e+04
9.718800000000001091e+03
9.613900000000001455e+03
1.030559999999999309e+04
9.800000000000001819e+03
1.004550000000000000e+04
9.909800000000001091e+03
9.997899999999997817e+03
9.793700000000002547e+03
1.009329999999999927e+04
1.005610000000000036e+04
1.008929999999999745e+04
1.015509999999999673e+04
9.948699999999997090e+03
1.017299999999999818e+04
1.012189999999999964e+04
1.048059999999999491e+04
1.024899999999999636e+04
1.017739999999999964e+04
9.994899999999997817e+03
1.031119999999999891e+04
1.005249999999999818e+04
1.047039999999999600e+04
9.785000000000001819e+03
1.011839999999999964e+04
1.011319999999999709e+04
1.042989999999999418e+04
1.053619999999999345e+04
1.014719999999999709e+04
1.032689999999999600e+04
1.014019999999999891e+04
9.576900000000001455e+03
9.803300000000001091e+03
1.005359999999999854e+04
1.056949999999999091e+04
1.033759999999999673e+04
1.044769999999999527e+04
1.050399999999999091e+04
1.044089999999999236e+04
1.041629999999999382e+04
1.009689999999999782e+04
9.732400000000001455e+03
9.668700000000000728e+03
1.023259999999999854e+04
1.029549999999999454e+04
1.008709999999999854e+04
1.019279999999999745e+04
1.010279999999999927e+04
1.034829999999999563e+04
9.967099999999998545e+03
1.002669999999999891e+04
1.021669999999999709e+04
1.072409999999999127e+04
9.738400000000001455e+03
9.961700000000000728e+03
1.016209999999999854e+04
1.022789999999999782e+04
9.803900000000001455e+03
1.021899999999999818e+04
1.025299999999999818e+04
1.035719999999999709e+04
1.024529999999999563e+04
1.047019999999999527e+04
1.015869999999999891e+04
9.992699999999997090e+03
9.863499999999998181e+03
1.004099999999999818e+04
9.680100000000002183e+03
1.026239999999999782e+04
1.020759999999999854e+04
1.075389999999999236e+04
1.066379999999999018e+04
1.038469999999999345e+04
1.003829999999999927e+04
1.006959999999999854e+04
1.017760000000000218e+04
1.019589999999999600e+04
1.008960000000000036e+04
9.987899999999997817e+03
1.043759999999999491e+04
1.040899999999999272e+04
9.903600000000002183e+03
1.069469999999999163e+04
9.986699999999997090e+03
9.779400000000001455e+03
1.044159999999999491e+04
1.042039999999999418e+04
1.044939999999999236e+04
1.009669999999999527e+04
1.046929999999999200e+04
1.007129999999999927e+04
1.025809999999999491e+04
9.654600000000000364e+03
1.015069999999999709e+04
1.019369999999999891e+04
9.236600000000004002e+03
9.999599999999998545e+03
1.003789999999999782e+04
1.040269999999999345e+04
1.064469999999999527e+04
9.823000000000001819e+03
1.030289999999999600e+04
9.669899999999999636e+03
1.032989999999999600e+04
1.028929999999999745e+04
1.024099999999999454e+04
9.924999999999998181e+03
1.069329999999999018e+04
1.055799999999999454e+04
1.025329999999999563e+04
1.019239999999999782e+04
1.053689999999999236e+04
1.013929999999999927e+04
1.024399999999999454e+04
1.004499999999999818e+04
1.086329999999998472e+04
9.851300000000001091e+03
1.034669999999999527e+04
9.987899999999997817e+03
9.901299999999999272e+03
1.038129999999999563e+04
1.031499999999999454e+04
1.014959999999999854e+04
1.022009999999999491e+04
9.679300000000001091e+03
9.989899999999997817e+03
1.021569999999999527e+04
1.003139999999999782e+04
1.042949999999999091e+04
1.027359999999999491e+04
1.009469999999999891e+04
1.018179999999999745e+04
1.025699999999999818e+04
1.045069999999999345e+04
1.067559999999999309e+04
1.041019999999999163e+04
1.041759999999999309e+04
1.035359999999999673e+04
1.035239999999999418e+04
1.043839999999999236e+04
1.019329999999999927e+04
1.023959999999999491e+04
1.080379999999999382e+04
1.056299999999999454e+04
1.037129999999999563e+04
1.053039999999999236e+04
1.060789999999999418e+04
1.048009999999999309e+04
1.041409999999999309e+04
1.033389999999999418e+04
1.096839999999999236e+04
1.075159999999999127e+04
1.041689999999999418e+04
1.038959999999999309e+04
1.024849999999999636e+04
9.944699999999997090e+03
1.054589999999999236e+04
1.031329999999999382e+04
1.033759999999999491e+04
1.033959999999999491e+04
1.084159999999999127e+04
1.040289999999999418e+04
1.040759999999999491e+04
1.032589999999999600e+04
1.030829999999999745e+04
1.006529999999999745e+04
1.001850000000000000e+04
1.001059999999999854e+04
9.913300000000001091e+03
1.024609999999999854e+04
1.007550000000000182e+04
1.018969999999999527e+04
1.021729999999999745e+04
1.004019999999999891e+04
1.024699999999999636e+04
1.031239999999999782e+04
1.053119999999999163e+04
1.018069999999999891e+04
1.051239999999999236e+04
1.060579999999999200e+04
1.032329999999999382e+04
1.082759999999999309e+04
1.015529999999999927e+04
9.996199999999997090e+03
1.046119999999999163e+04
1.058039999999999054e+04
1.025899999999999454e+04
1.006299999999999818e+04
1.018989999999999782e+04
1.037159999999999491e+04
9.942899999999997817e+03
1.006589999999999964e+04
1.051329999999999018e+04
1.040559999999999309e+04
1.050319999999999527e+04
1.019179999999999745e+04
1.098289999999998690e+04
1.030759999999999491e+04
1.022459999999999491e+04
1.061129999999999018e+04
1.034589999999999600e+04
1.043689999999999236e+04
1.019989999999999782e+04
1.037099999999999636e+04
1.027989999999999600e+04
1.001359999999999854e+04
1.053559999999999127e+04
1.060359999999999309e+04
1.007359999999999854e+04
1.035959999999999491e+04
1.014989999999999782e+04
1.007489999999999782e+04
1.009959999999999673e+04
9.771599999999998545e+03
1.026989999999999600e+04
1.052789999999999054e+04
1.015729999999999927e+04
1.038389999999999418e+04
1.021779999999999745e+04
1.029159999999999673e+04
1.034939999999999782e+04
9.681300000000002910e+03
1.028979999999999563e+04
1.023939999999999600e+04
1.048779999999999382e+04
1.047009999999999309e+04
1.042899999999999272e+04
1.017159999999999854e+04
1.069839999999999600e+04
1.052189999999999600e+04
1.080159999999999309e+04
1.058289999999999236e+04
1.042989999999999418e+04
9.931599999999998545e+03
1.060839999999999418e+04
1.050989999999999236e+04
1.045689999999999236e+04
1.036559999999999673e+04
1.037689999999999418e+04
1.020329999999999745e+04
1.060389999999999236e+04
1.039959999999999491e+04
1.042429999999999382e+04
1.034189999999999418e+04
1.011189999999999782e+04
1.085389999999999054e+04
1.048929999999999200e+04
1.040339999999999782e+04
1.056589999999999418e+04
1.052689999999999418e+04
1.082329999999999200e+04
1.062329999999999200e+04
1.038899999999999636e+04
1.026989999999999600e+04
1.074189999999999054e+04
1.058389999999999418e+04
1.020729999999999563e+04
1.038389999999999418e+04
1.060589999999999418e+04
1.041589999999999418e+04
1.071949999999999091e+04
1.064189999999999418e+04
1.030809999999999673e+04
1.019089999999999782e+04
1.034729999999999563e+04
1.012959999999999854e+04
1.016679999999999927e+04
1.073569999999998981e+04
1.028729999999999745e+04
1.041959999999999491e+04
1.073729999999999018e+04
1.046559999999999127e+04
1.067789999999999418e+04
1.058589999999999418e+04
1.067589999999999418e+04
1.066359999999998945e+04
1.027929999999999745e+04
1.043299999999999091e+04
1.038209999999999673e+04
1.045389999999999236e+04
1.017719999999999709e+04
1.051589999999999418e+04
1.020359999999999673e+04
1.017159999999999673e+04
1.042959999999999491e+04
9.921600000000000364e+03
1.048389999999999418e+04
1.041589999999999418e+04
1.069589999999999236e+04
1.056359999999999309e+04
1.058159999999999309e+04
1.022559999999999673e+04
1.063359999999999309e+04
1.003559999999999854e+04
1.078899999999999091e+04
1.063099999999999272e+04
1.059559999999999491e+04
1.066959999999999127e+04
1.008789999999999964e+04
1.029809999999999491e+04
1.057989999999999236e+04
1.076989999999999054e+04
1.042559999999999309e+04
1.065389999999999236e+04
1.056989999999999236e+04
1.028159999999999673e+04
1.060989999999999054e+04
1.048389999999999236e+04
1.030559999999999673e+04
9.860100000000002183e+03
1.011389999999999782e+04
1.014909999999999854e+04
1.001120000000000073e+04
1.036499999999999818e+04
1.038519999999999527e+04
1.036349999999999636e+04
1.025809999999999673e+04
1.047039999999999236e+04
1.027579999999999563e+04
1.034169999999999527e+04
1.049319999999999345e+04
1.014270000000000073e+04
1.037699999999999454e+04
1.060089999999999418e+04
1.044329999999999200e+04
1.050359999999999491e+04
1.020809999999999854e+04
1.056859999999999491e+04
1.082839999999998508e+04
1.002469999999999891e+04
1.040929999999999563e+04
1.046089999999999600e+04
1.067789999999999054e+04
1.046189999999999418e+04
1.095979999999999018e+04
1.082189999999998872e+04
1.005789999999999782e+04
1.068189999999999054e+04
1.057179999999999382e+04
1.052789999999999236e+04
1.043699999999999454e+04
1.031989999999999600e+04
1.098789999999998690e+04
1.050959999999999491e+04
1.074529999999998836e+04
1.073789999999999236e+04
1.040709999999999673e+04
1.066989999999999236e+04
1.070639999999999054e+04
1.037469999999999527e+04
1.046189999999999236e+04
1.020589999999999782e+04
1.063069999999999163e+04
1.053389999999999418e+04
1.081989999999999054e+04
1.078249999999999091e+04
1.063789999999999418e+04
1.057789999999999236e+04
1.067589999999999236e+04
1.055159999999999491e+04
1.052469999999999345e+04
1.053389999999999236e+04
1.053989999999999418e+04
1.040499999999999636e+04
1.048729999999999200e+04
1.073559999999998945e+04
1.048469999999999345e+04
1.012060000000000036e+04
1.051129999999999200e+04
1.069069999999999163e+04
1.058759999999999309e+04
1.100779999999999018e+04
1.091789999999999054e+04
1.069639999999999236e+04
1.030099999999999636e+04
1.072359999999999127e+04
1.058359999999999309e+04
1.032379999999999563e+04
1.047089999999999236e+04
1.053899999999999091e+04
1.107929999999999018e+04
1.048729999999999200e+04
1.108389999999999054e+04
1.091189999999998508e+04
1.089189999999999054e+04
1.060789999999999236e+04
1.029189999999999600e+04
1.061189999999999418e+04
1.061119999999999345e+04
1.080959999999998945e+04
1.034299999999999454e+04
1.039659999999999309e+04
1.033439999999999600e+04
1.077299999999999091e+04
9.945299999999997453e+03
1.089189999999999054e+04
1.067189999999999236e+04
1.037689999999999600e+04
1.031529999999999382e+04
1.040129999999999200e+04
1.041519999999999345e+04
1.069729999999999200e+04
1.090789999999999054e+04
1.032729999999999563e+04
1.027959999999999673e+04
1.031949999999999636e+04
1.050579999999999382e+04
1.062389999999999236e+04
1.034989999999999600e+04
1.028359999999999673e+04
1.035099999999999818e+04
1.077239999999999054e+04
1.071359999999998945e+04
1.014099999999999636e+04
1.044009999999999309e+04
1.106989999999999054e+04
1.055919999999999163e+04
1.061039999999999236e+04
1.057549999999999091e+04
1.044959999999998945e+04
1.040759999999999673e+04
1.032159999999999309e+04
1.084389999999999236e+04
1.070099999999999091e+04
1.077269999999998618e+04
1.054759999999999491e+04
1.062639999999999054e+04
1.074959999999998945e+04
1.066989999999999418e+04
1.056209999999999491e+04
1.063559999999999309e+04
1.065669999999999345e+04
1.097929999999999200e+04
1.077159999999999127e+04
1.078529999999999382e+04
1.090589999999999054e+04
1.118799999999998545e+04
1.068899999999999272e+04
1.076359999999998945e+04
1.070589999999999236e+04
1.085789999999999054e+04
1.078789999999999054e+04
1.085989999999999054e+04
1.084989999999998872e+04
1.062189999999999418e+04
1.080589999999998872e+04
1.065559999999999127e+04
1.062989999999999418e+04
1.068789999999999418e+04
1.075759999999998945e+04
1.047789999999999236e+04
1.054389999999999236e+04
1.032359999999999673e+04
1.045319999999999345e+04
1.095989999999999054e+04
1.029869999999999709e+04
1.035989999999999236e+04
1.067469999999998981e+04
1.030159999999999673e+04
1.056589999999999418e+04
1.042989999999999236e+04
1.062859999999999491e+04
1.081329999999999200e+04
1.048019999999999345e+04
1.065589999999999054e+04
1.062189999999999418e+04
1.065389999999999236e+04
1.075389999999999054e+04
1.082159999999998945e+04
1.035829999999999745e+04
1.048559999999999127e+04
1.050189999999999236e+04
1.054589999999999418e+04
1.062289999999999418e+04
1.065929999999999382e+04
1.055729999999999382e+04
1.078189999999999054e+04
1.048499999999999091e+04
1.058879999999999200e+04
1.054099999999999636e+04
1.055669999999999345e+04
1.067329999999999018e+04
1.080779999999999018e+04
1.076789999999999054e+04
1.051299999999999272e+04
1.055379999999999563e+04
1.056099999999999454e+04
1.041129999999999563e+04
1.100459999999998945e+04
1.083299999999999091e+04
1.073159999999999127e+04
1.082119999999998981e+04
1.121899999999998727e+04
1.059389999999999054e+04
1.077189999999999236e+04
1.109589999999998872e+04
1.054329999999999018e+04
1.035379999999999563e+04
1.069129999999999382e+04
1.089529999999999018e+04
1.088389999999999054e+04
1.043989999999999418e+04
1.069359999999999309e+04
1.055789999999999418e+04
1.079589999999999054e+04
1.045439999999999418e+04
1.071989999999998872e+04
1.058189999999999236e+04
1.058989999999999236e+04
1.043789999999999418e+04
1.073189999999998872e+04
1.084899999999999272e+04
1.036999999999999636e+04
1.057149999999999454e+04
1.051239999999999236e+04
1.085919999999999345e+04
1.106149999999999091e+04
1.093359999999998945e+04
1.078359999999999127e+04
1.048469999999999527e+04
1.071859999999999127e+04
1.098789999999999054e+04
1.092959999999999127e+04
1.049989999999999418e+04
1.105989999999998690e+04
1.071389999999999418e+04
1.059789999999999418e+04
1.082119999999999163e+04
1.107929999999999018e+04
1.071759999999999127e+04
1.093899999999998545e+04
1.093589999999999054e+04
1.045469999999999345e+04
1.088559999999998945e+04
1.053389999999999236e+04
1.051789999999999236e+04
1.099989999999998690e+04
1.080489999999998872e+04
1.044589999999999236e+04
1.064519999999999345e+04
1.066519999999999527e+04
1.068229999999999018e+04
1.074929999999999018e+04
1.064809999999999309e+04
1.079789999999999054e+04
1.065729999999999382e+04
1.062159999999999673e+04
1.065059999999999309e+04
1.108359999999998763e+04
1.080589999999999054e+04
1.065589999999999418e+04
1.076589999999999054e+04
1.083379999999999018e+04
1.082409999999999127e+04
1.076589999999999054e+04
1.098989999999999054e+04
1.094989999999998508e+04
1.080869999999999345e+04
1.115589999999998690e+04
1.092389999999998872e+04
1.092469999999998981e+04
1.074189999999999054e+04
1.076959999999998945e+04
1.093389999999998872e+04
1.047749999999999454e+04
1.078469999999998981e+04
1.065689999999999418e+04
1.091559999999999127e+04
1.037669999999999527e+04
1.102609999999998581e+04
1.111079999999998472e+04
1.073789999999999054e+04
1.101799999999998909e+04
1.068779999999999200e+04
1.078599999999999091e+04
1.072469999999998981e+04
1.055499999999999454e+04
1.100669999999998981e+04
1.074129999999999018e+04
1.104099999999998545e+04
1.039399999999999636e+04
1.064839999999999418e+04
1.086329999999999382e+04
1.089099999999999091e+04
1.054699999999999091e+04
1.078929999999999018e+04
1.061179999999999382e+04
1.091529999999999018e+04
1.057399999999999454e+04
1.072839999999999054e+04
1.081069999999998981e+04
1.079039999999999054e+04
1.062069999999998981e+04
1.085729999999999018e+04
1.067929999999999200e+04
1.064049999999999454e+04
1.091439999999999054e+04
1.116279999999998654e+04
1.072959999999999309e+04
1.087729999999999018e+04
1.098289999999999054e+04
1.094299999999999272e+04
1.086629999999999018e+04
1.080749999999999091e+04
1.091589999999999236e+04
1.081959999999998945e+04
1.057499999999999454e+04
1.079839999999999054e+04
1.086389999999999054e+04
1.077789999999999054e+04
1.076869999999999163e+04
1.088759999999998945e+04
1.071559999999999127e+04
1.084799999999999091e+04
1.090359999999999127e+04
1.050029999999999200e+04
1.103189999999999054e+04
1.111919999999998981e+04
1.072789999999999054e+04
1.069159999999999491e+04
1.091059999999999127e+04
1.097409999999999127e+04
1.100179999999999200e+04
1.069749999999999091e+04
1.095359999999998945e+04
1.068929999999999200e+04
1.057029999999999382e+04
1.039959999999999491e+04
1.076469999999999163e+04
1.084199999999999091e+04
1.101879999999999018e+04
1.067189999999999236e+04
1.104039999999998872e+04
1.103319999999998436e+04
1.077819999999998981e+04
1.079079999999999018e+04
1.063329999999999018e+04
1.057589999999999418e+04
1.089549999999999091e+04
1.090029999999999018e+04
1.078329999999999018e+04
1.060929999999999382e+04
1.079989999999998872e+04
1.092129999999999018e+04
1.082559999999998945e+04
1.072929999999999018e+04
1.063749999999999272e+04
1.096629999999999018e+04
1.087159999999998945e+04
1.051759999999999309e+04
1.073609999999999491e+04
1.063319999999999345e+04
1.078019999999999345e+04
1.087089999999999236e+04
1.109529999999999018e+04
1.078189999999998508e+04
1.068499999999999272e+04
1.110589999999998508e+04
1.088389999999999054e+04
1.091989999999999236e+04
1.090189999999999054e+04
1.067989999999999236e+04
1.105389999999999054e+04
1.096189999999999054e+04
1.099069999999998981e+04
1.057959999999999309e+04
1.102149999999999091e+04
1.085789999999999054e+04
1.045279999999999200e+04
1.088189999999999054e+04
1.069789999999999236e+04
1.068099999999999091e+04
1.090189999999999054e+04
1.067359999999999309e+04
1.054009999999999127e+04
1.117359999999998581e+04
1.101729999999999018e+04
1.099389999999998690e+04
1.086729999999999018e+04
1.088729999999999018e+04
1.093319999999998981e+04
1.085469999999998981e+04
1.083589999999999054e+04
1.091789999999999054e+04
1.076669999999999163e+04
1.082699999999999091e+04
1.094639999999999236e+04
1.081129999999999018e+04
1.060749999999999454e+04
1.054839999999999236e+04
1.053869999999999163e+04
1.079179999999999018e+04
1.075289999999999054e+04
1.085099999999999091e+04
1.091389999999999054e+04
1.073159999999999127e+04
1.085519999999999163e+04
1.095389999999998872e+04
1.098189999999999054e+04
1.101869999999998981e+04
1.079759999999999127e+04
1.069869999999999527e+04
1.086959999999998945e+04
1.076589999999999054e+04
1.109699999999999091e+04
1.113589999999998872e+04
1.080729999999999200e+04
1.119789999999998508e+04
1.092389999999999054e+04
1.107089999999998872e+04
1.089189999999999054e+04
1.099869999999999163e+04
1.095359999999999127e+04
1.087789999999999236e+04
1.109159999999999127e+04
1.098859999999999127e+04
1.083689999999999054e+04
1.090029999999999018e+04
1.106359999999998763e+04
1.083159999999998945e+04
1.082699999999999091e+04
1.107549999999999091e+04
1.099359999999998945e+04
1.084959999999999127e+04
1.077729999999999018e+04
1.093709999999999491e+04
1.075419999999999163e+04
1.095959999999998945e+04
1.097959999999999127e+04
1.099989999999999054e+04
1.096959999999998945e+04
1.091509999999999127e+04
1.079009999999999127e+04
1.070109999999999491e+04
1.103149999999998545e+04
1.094609999999998581e+04
1.107989999999999054e+04
1.093129999999999018e+04
1.111339999999998690e+04
1.103379999999998654e+04
1.052789999999999418e+04
1.091559999999999127e+04
1.085399999999998909e+04
1.084259999999998945e+04
1.106099999999998545e+04
1.101299999999999091e+04
1.094789999999999236e+04
1.107299999999999091e+04
1.094959999999998945e+04
1.106599999999998727e+04
1.086989999999998872e+04
1.096359999999999127e+04
1.068439999999999418e+04
1.075329999999999018e+04
1.053649999999999091e+04
1.055739999999999236e+04
1.095929999999999018e+04
1.106689999999999054e+04
1.089549999999999091e+04
1.108789999999998690e+04
1.084789999999999054e+04
1.122959999999998581e+04
1.098729999999999018e+04
1.080459999999999127e+04
1.063789999999999236e+04
1.055999999999999454e+04
1.108159999999998945e+04
1.076669999999999163e+04
1.074159999999999309e+04
1.086589999999998872e+04
1.090059999999999127e+04
1.114709999999998581e+04
1.095899999999999091e+04
1.084159999999998945e+04
1.108589999999998508e+04
1.115929999999998836e+04
1.087779999999999018e+04
1.073729999999999200e+04
1.099469999999998618e+04
1.066789999999999418e+04
1.090559999999998945e+04
1.085089999999999054e+04
1.093529999999999018e+04
1.092829999999999018e+04
1.097359999999998945e+04
1.116479999999998836e+04
1.099409999999998945e+04
1.109739999999998690e+04
1.104989999999999054e+04
1.097729999999999018e+04
1.104589999999999054e+04
1.099059999999998945e+04
1.112679999999998836e+04
1.112789999999998690e+04
1.090239999999999054e+04
1.092419999999999163e+04
1.119069999999998618e+04
1.107359999999998945e+04
1.102189999999999054e+04
1.110159999999999127e+04
1.090389999999998872e+04
1.099519999999998981e+04
1.116069999999998618e+04
1.106389999999998508e+04
1.093069999999999163e+04
1.091529999999999018e+04
1.092259999999998945e+04
1.097069999999999163e+04
1.090369999999998981e+04
1.091029999999999018e+04
1.101039999999998690e+04
1.101159999999999127e+04
1.085549999999999272e+04
1.105329999999999200e+04
1.106919999999998981e+04
1.083289999999999236e+04
1.116959999999998399e+04
1.086009999999999127e+04
1.100789999999998690e+04
1.120579999999998836e+04
1.110039999999998690e+04
1.097759999999998399e+04
1.065219999999999163e+04
1.090359999999998945e+04
1.070989999999999054e+04
1.104169999999998618e+04
1.091469999999998981e+04
1.104259999999999127e+04
1.108289999999998690e+04
1.080899999999999091e+04
1.097589999999999054e+04
1.087759999999998945e+04
1.108499999999999091e+04
1.111969999999998618e+04
1.109929999999998836e+04
1.114769999999998618e+04
1.114359999999998945e+04
1.096759999999998945e+04
1.119189999999998508e+04
1.097689999999999054e+04
1.083789999999998872e+04
1.099159999999998945e+04
1.112029999999998836e+04
1.110349999999999091e+04
1.106959999999998581e+04
1.113189999999998872e+04
1.126189999999998872e+04
1.101979999999999018e+04
1.070979999999999018e+04
1.094389999999998872e+04
1.093199999999999091e+04
1.098529999999999018e+04
1.090269999999999163e+04
1.095789999999999054e+04
1.090789999999998872e+04
1.089439999999998872e+04
1.095729999999999018e+04
1.091789999999999054e+04
1.094359999999998945e+04
1.089609999999998945e+04
1.102759999999998945e+04
1.097289999999999054e+04
1.088959999999998945e+04
1.101129999999998654e+04
1.095979999999999018e+04
1.085589999999999054e+04
1.091809999999999127e+04
1.093269999999998981e+04
1.101159999999999127e+04
1.085899999999999091e+04
1.119499999999998545e+04
1.104159999999998945e+04
1.114129999999998472e+04
1.097989999999998872e+04
1.100389999999999236e+04
1.105129999999999018e+04
1.112529999999999018e+04
1.114059999999998581e+04
1.068189999999999236e+04
1.116359999999998763e+04
1.098269999999998981e+04
1.092999999999999091e+04
1.093959999999999127e+04
1.104919999999999163e+04
1.117959999999998399e+04
1.102179999999999018e+04
1.119559999999998763e+04
1.100409999999998763e+04
1.077119999999999163e+04
1.078989999999999236e+04
1.101389999999999054e+04
1.098339999999999054e+04
1.089189999999999236e+04
1.109949999999998545e+04
1.080039999999999054e+04
1.101929999999999200e+04
1.108789999999998690e+04
1.081529999999998836e+04
1.107359999999998581e+04
1.115959999999998399e+04
1.077789999999999054e+04
1.094469999999999163e+04
1.101329999999999018e+04
1.118389999999998508e+04
1.097239999999999054e+04
1.122729999999998472e+04
1.100359999999998945e+04
1.072859999999999127e+04
1.090919999999999163e+04
1.104729999999998654e+04
1.084909999999999127e+04
1.118219999999998436e+04
1.106119999999998618e+04
1.100869999999998981e+04
1.080799999999999091e+04
1.090059999999999127e+04
1.084099999999999091e+04
1.098669999999998981e+04
1.122239999999998508e+04
1.110719999999998618e+04
1.059009999999999127e+04
1.088679999999999200e+04
1.095399999999999091e+04
1.105389999999998690e+04
1.091949999999999091e+04
1.098789999999999236e+04
1.080599999999999091e+04
1.108379999999999018e+04
1.108739999999999054e+04
1.104379999999999018e+04
1.100859999999999127e+04
1.121499999999998545e+04
1.084039999999999236e+04
1.094159999999998945e+04
1.095049999999999091e+04
1.112629999999998654e+04
1.100359999999998945e+04
1.095079999999999018e+04
1.115009999999998581e+04
1.094959999999999127e+04
1.106559999999998581e+04
1.099159999999998945e+04
1.072089999999999418e+04
1.098349999999999091e+04
1.105799999999998909e+04
1.088629999999999200e+04
1.093929999999999018e+04
1.089959999999998945e+04
1.101559999999998945e+04
1.109689999999999054e+04
1.068529999999999563e+04
1.129189999999998690e+04
1.105359999999998763e+04
1.104499999999999091e+04
1.103959999999998945e+04
1.097519999999999163e+04
1.091469999999998981e+04
1.093899999999998909e+04
1.108499999999999272e+04
1.123609999999998581e+04
1.120639999999998690e+04
1.113589999999998690e+04
1.093389999999998872e+04
1.100389999999999054e+04
1.096829999999999018e+04
1.102869999999998981e+04
1.082779999999999200e+04
1.116999999999998727e+04
1.096349999999999091e+04
1.108589999999998872e+04
1.101189999999999054e+04
1.113729999999998472e+04
1.108929999999999018e+04
1.117479999999998472e+04
1.101079999999999018e+04
1.093279999999999018e+04
1.096899999999999091e+04
1.105929999999998654e+04
1.114119999999998436e+04
1.106469999999998981e+04
1.085609999999998945e+04
1.108129999999999018e+04
1.113529999999998472e+04
1.085789999999999054e+04
1.097789999999999236e+04
1.126159999999998763e+04
1.080959999999998945e+04
1.098589999999998872e+04
1.095789999999998872e+04
1.113899999999998545e+04
1.113409999999998945e+04
1.118789999999998872e+04
1.112389999999999054e+04
1.127439999999998872e+04
1.110659999999999127e+04
1.130329999999998836e+04
1.120929999999998472e+04
1.126749999999998727e+04
1.082759999999999127e+04
1.115929999999998654e+04
1.099989999999998872e+04
1.097759999999999127e+04
1.097959999999998945e+04
1.088069999999999163e+04
1.094639999999999236e+04
1.105039999999998872e+04
1.101299999999999091e+04
1.074469999999999163e+04
1.123159999999998581e+04
1.098569999999998981e+04
1.110989999999999054e+04
1.115729999999998472e+04
1.110609999999998945e+04
1.127359999999998581e+04
1.121359999999998581e+04
1.101259999999998945e+04
1.111939999999998872e+04
1.087699999999998909e+04
1.099899999999999091e+04
1.078269999999999163e+04
1.117499999999998545e+04
1.113899999999999091e+04
1.113809999999998581e+04
1.124789999999998690e+04
1.103129999999999018e+04
1.086889999999999236e+04
1.107899999999999091e+04
1.109069999999998981e+04
1.115979999999998472e+04
1.102189999999999054e+04
1.117989999999998690e+04
1.098579999999999200e+04
1.102209999999999127e+04
1.090099999999999091e+04
1.089729999999999018e+04
1.104129999999999018e+04
1.108499999999998909e+04
1.123979999999998472e+04
1.129599999999998909e+04
1.116329999999998472e+04
1.118159999999998581e+04
1.096589999999999236e+04
1.104519999999999163e+04
1.118159999999998581e+04
1.111929999999999018e+04
1.103869999999998981e+04
1.119409999999998763e+04
1.060069999999999163e+04
1.111389999999998690e+04
1.114149999999998727e+04
1.110439999999998508e+04
1.113329999999999018e+04
1.111459999999998581e+04
1.119119999999998618e+04
1.113969999999998618e+04
1.116959999999998399e+04
1.104929999999999018e+04
1.116319999999998618e+04
1.099949999999998909e+04
1.100209999999998945e+04
1.124319999999998436e+04
1.096189999999999054e+04
1.092859999999998945e+04
1.106669999999999163e+04
1.117849999999998545e+04
1.100809999999999127e+04
1.100559999999999127e+04
1.106699999999998909e+04
1.096099999999999091e+04
1.124719999999998799e+04
1.112779999999998836e+04
1.113639999999998872e+04
1.124989999999998508e+04
1.082489999999999236e+04
1.105419999999999163e+04
1.103669999999998981e+04
1.108699999999999272e+04
1.106329999999999200e+04
1.112499999999998727e+04
1.107319999999998799e+04
1.123759999999998581e+04
1.127969999999998618e+04
1.097269999999999163e+04
1.118189999999998508e+04
1.116759999999998581e+04
1.122189999999998508e+04
1.115559999999998399e+04
1.107099999999999091e+04
1.118989999999998690e+04
1.122049999999998545e+04
1.132589999999998872e+04
1.108929999999999200e+04
1.114899999999998545e+04
1.122729999999998472e+04
1.128789999999998690e+04
1.095729999999999018e+04
1.107559999999998945e+04
1.122559999999998581e+04
1.075929999999999382e+04
1.123389999999998508e+04
1.121929999999998654e+04
1.119109999999998581e+04
1.127039999999998508e+04
1.118389999999998690e+04
1.114789999999998690e+04
1.113209999999998763e+04
1.102359999999998945e+04
1.130639999999998872e+04
1.105329999999999018e+04
1.121989999999998690e+04
1.105989999999998872e+04
1.110989999999999054e+04
1.108769999999998799e+04
1.117189999999998690e+04
1.124759999999998763e+04
1.094899999999999091e+04
1.105319999999999163e+04
1.112129999999998836e+04
1.113119999999998618e+04
1.102609999999998945e+04
1.116279999999998472e+04
1.106589999999998872e+04
1.101189999999999236e+04
1.120069999999998618e+04
1.108559999999998763e+04
1.104669999999998981e+04
1.119159999999998581e+04
1.101329999999999018e+04
1.099329999999999200e+04
1.118839999999998508e+04
1.109319999999999163e+04
1.118419999999998618e+04
1.107589999999999054e+04
1.124269999999998618e+04
1.118129999999998654e+04
1.115959999999998763e+04
1.122329999999998836e+04
1.119699999999998545e+04
1.112329999999999018e+04
1.113469999999998981e+04
1.127859999999998763e+04
1.123359999999998763e+04
1.098869999999998981e+04
1.110439999999999054e+04
1.103379999999999018e+04
1.116699999999998545e+04
1.117929999999998654e+04
1.111949999999998727e+04
1.114949999999998909e+04
1.111439999999998872e+04
1.115359999999998581e+04
1.118559999999998581e+04
1.116669999999998618e+04
1.117499999999998545e+04
1.090159999999998945e+04
1.125469999999998618e+04
1.089059999999999127e+04
1.118069999999998799e+04
1.116469999999998618e+04
1.074789999999999236e+04
1.118689999999998508e+04
1.101869999999998618e+04
1.112559999999998581e+04
1.101099999999998909e+04
1.107209999999999127e+04
1.090489999999999054e+04
1.121999999999998545e+04
1.122829999999998654e+04
1.114329999999998472e+04
1.108469999999999163e+04
1.115579999999998654e+04
1.124269999999998618e+04
1.117079999999999018e+04
1.118589999999998508e+04
1.114889999999998508e+04
1.106239999999998872e+04
1.113729999999998836e+04
1.114299999999998545e+04
1.118099999999998545e+04
1.119329999999998836e+04
1.108529999999998654e+04
1.113839999999998690e+04
1.127149999999998727e+04
1.100099999999999091e+04
1.113699999999998727e+04
1.126159999999998763e+04
1.118559999999998581e+04
1.120789999999998508e+04
1.107959999999999127e+04
1.126789999999998508e+04
1.114729999999998654e+04
1.126689999999998508e+04
1.125159999999998581e+04
1.106909999999999127e+04
1.127679999999998836e+04
1.100129999999999018e+04
1.111959999999999127e+04
1.114539999999998508e+04
1.126559999999998581e+04
1.127359999999998581e+04
1.123759999999998581e+04
1.104559999999998945e+04
1.094559999999998945e+04
1.123159999999998581e+04
1.111169999999998618e+04
1.094669999999998981e+04
1.104959999999998945e+04
1.124789999999998508e+04
1.100929999999999018e+04
1.112569999999998981e+04
1.105729999999999018e+04
1.116759999999998399e+04
1.118989999999998508e+04
1.111189999999999054e+04
1.111289999999998872e+04
1.133589999999998690e+04
1.125129999999998654e+04
1.126699999999998545e+04
1.121389999999998508e+04
1.116009999999998399e+04
1.114769999999998799e+04
1.104499999999999091e+04
1.102389999999999054e+04
1.122779999999998472e+04
1.103129999999999018e+04
1.104759999999999309e+04
1.105449999999999091e+04
1.126549999999999091e+04
1.123869999999998436e+04
1.125769999999998618e+04
1.111579999999999018e+04
1.111039999999999054e+04
1.122379999999998472e+04
1.114269999999998436e+04
1.109269999999999163e+04
1.110009999999998581e+04
1.097319999999998981e+04
1.097099999999999091e+04
1.094329999999999018e+04
1.129179999999998472e+04
1.112189999999999054e+04
1.102779999999999200e+04
1.113259999999998581e+04
1.118949999999998545e+04
1.116229999999998654e+04
1.119659999999998399e+04
1.117999999999998545e+04
1.116439999999998508e+04
1.113269999999998981e+04
1.126969999999998618e+04
1.128199999999998909e+04
1.121319999999998981e+04
1.115299999999998909e+04
1.122329999999998472e+04
1.110499999999998909e+04
1.116759999999998581e+04
1.101089999999999054e+04
1.113529999999998836e+04
1.120399999999998545e+04
1.115839999999998690e+04
1.128189999999998690e+04
1.100759999999998945e+04
1.119789999999998690e+04
1.123389999999998508e+04
1.106889999999999054e+04
1.103529999999999018e+04
1.122969999999998799e+04
1.121909999999998581e+04
1.123839999999998508e+04
1.110729999999999018e+04
1.130559999999998763e+04
1.105399999999999091e+04
1.125589999999998690e+04
1.125759999999998763e+04
1.113839999999998508e+04
1.090099999999998909e+04
1.121989999999998508e+04
1.115039999999998508e+04
1.094189999999998690e+04
1.128549999999998545e+04
1.121529999999998654e+04
1.120389999999998508e+04
1.132299999999998727e+04
1.112499999999998727e+04
1.131359999999998763e+04
1.118589999999998690e+04
1.126559999999998581e+04
1.121769999999998799e+04
1.125409999999998581e+04
1.126789999999998690e+04
1.114499999999998545e+04
1.114099999999998545e+04
1.112659999999998945e+04
1.124359999999998581e+04
1.118099999999998727e+04
1.129689999999998872e+04
1.113069999999998799e+04
1.120389999999998508e+04
1.125989999999998690e+04
1.111499999999998545e+04
1.111559999999998945e+04
1.125759999999998763e+04
1.123809999999998581e+04
1.115389999999998690e+04
1.103389999999999054e+04
1.102779999999999018e+04
1.128559999999998763e+04
1.110979999999998654e+04
1.121159999999998581e+04
1.119789999999998690e+04
1.128729999999998654e+04
1.129129999999999018e+04
1.129159999999998763e+04
1.116729999999998472e+04
1.120299999999998545e+04
1.130529999999998654e+04
1.126629999999998836e+04
1.105359999999998945e+04
1.127559999999998581e+04
1.120959999999998581e+04
1.094269999999998981e+04
1.113559999999998945e+04
1.125529999999998472e+04
1.128789999999998872e+04
1.123259999999998581e+04
1.129589999999998872e+04
1.101609999999998763e+04
1.092899999999999091e+04
1.117669999999998618e+04
1.124189999999998508e+04
1.117759999999998581e+04
1.115689999999999054e+04
1.113389999999998872e+04
1.126269999999998618e+04
1.130459999999998763e+04
1.122759999999998581e+04
1.114299999999998909e+04
1.106909999999999127e+04
1.128389999999998690e+04
1.121589999999998508e+04
1.120299999999998545e+04
1.116439999999998690e+04
1.132639999999998690e+04
1.124949999999998545e+04
1.129029999999998836e+04
1.123159999999998581e+04
1.113769999999998799e+04
1.111469999999998981e+04
1.128049999999998545e+04
1.112759999999998945e+04
1.124839999999998690e+04
1.118389999999998508e+04
1.115389999999998508e+04
1.113989999999998872e+04
1.129639999999998872e+04
1.103779999999999200e+04
1.128049999999998909e+04
1.130529999999998836e+04
1.124039999999998508e+04
1.125789999999998690e+04
1.126289999999998690e+04
1.126189999999998690e+04
1.124699999999998545e+04
1.127759999999998763e+04
1.119729999999998472e+04
1.115189999999998508e+04
1.125239999999998872e+04
1.116959999999998399e+04
1.129669999999998799e+04
1.126529999999998654e+04
1.131989999999998690e+04
1.112499999999998909e+04
1.125989999999998508e+04
1.134559999999998763e+04
1.127559999999998763e+04
1.130959999999998763e+04
1.126359999999998581e+04
1.131559999999998763e+04
1.132379999999998836e+04
1.127959999999998763e+04
1.120559999999998399e+04
1.127589999999998690e+04
1.117249999999998545e+04
1.123959999999998581e+04
1.101959999999999127e+04
1.119409999999998581e+04
1.124189999999998690e+04
1.107609999999999127e+04
1.128989999999998690e+04
1.130589999999998690e+04
1.135189999999998690e+04
1.109189999999998690e+04
1.118589999999998508e+04
1.133559999999998763e+04
1.125789999999998508e+04
1.126559999999998581e+04
1.129589999999998690e+04
1.119559999999998763e+04
1.121019999999998618e+04
1.114879999999999018e+04
1.129129999999998836e+04
1.127789999999998872e+04
1.122179999999998472e+04
1.097629999999999018e+04
1.115759999999998581e+04
1.122589999999998508e+04
1.126359999999998581e+04
1.122059999999998581e+04
1.115179999999999200e+04
1.130439999999998872e+04
1.127189999999998508e+04
1.112259999999998581e+04
1.130129999999998836e+04
1.111749999999998727e+04
1.113089999999999054e+04
1.131829999999998836e+04
1.103789999999999054e+04
1.129069999999998799e+04
1.119929999999998472e+04
1.128409999999998763e+04
1.112959999999998581e+04
1.128559999999998763e+04
1.132729999999999018e+04
1.128789999999998690e+04
1.125559999999998581e+04
1.127699999999998545e+04
1.130129999999998836e+04
1.128949999999998727e+04
1.133729999999998836e+04
1.133559999999998763e+04
1.134129999999998654e+04
1.121759999999998581e+04
1.129989999999998690e+04
1.126209999999998581e+04
1.133359999999998763e+04
1.139189999999998690e+04
1.121389999999998690e+04
1.116959999999998399e+04
1.132069999999998799e+04
1.118999999999998727e+04
1.132389999999998690e+04
1.124479999999998472e+04
1.108899999999999091e+04
1.116529999999998472e+04
1.126589999999998508e+04
1.132059999999998763e+04
1.124629999999998472e+04
1.136329999999998654e+04
1.127689999999998872e+04
1.128439999999998872e+04
1.134589999999998872e+04
1.122499999999998545e+04
1.133129999999998836e+04
1.137189999999998690e+04
1.126189999999998508e+04
1.127869999999998799e+04
1.131069999999998799e+04
1.087589999999999054e+04
1.133539999999998872e+04
1.129159999999998945e+04
1.130669999999998799e+04
1.117419999999998618e+04
1.123379999999998472e+04
1.123549999999998545e+04
1.116989999999999054e+04
1.131589999999998872e+04
1.125159999999998399e+04
1.129429999999998654e+04
1.128989999999998872e+04
1.122959999999998581e+04
1.126389999999998690e+04
1.126959999999998581e+04
1.096559999999998945e+04
1.115329999999999018e+04
1.124409999999998945e+04
1.137289999999998872e+04
1.136039999999998690e+04
1.124299999999998727e+04
1.124289999999998690e+04
1.135749999999998909e+04
1.134389999999998690e+04
1.127159999999998763e+04
1.127759999999998581e+04
1.122129999999998654e+04
1.127689999999999054e+04
1.129729999999998836e+04
1.131439999999998872e+04
1.130809999999998763e+04
1.131839999999999054e+04
1.128099999999998909e+04
1.117559999999998399e+04
1.124689999999998690e+04
1.129639999999998872e+04
1.128529999999998654e+04
1.134579999999998836e+04
1.116959999999998581e+04
1.124559999999998763e+04
1.134949999999998727e+04
1.110099999999999091e+04
1.135529999999998836e+04
1.133499999999998727e+04
1.128989999999998872e+04
1.129389999999998872e+04
1.130129999999998654e+04
1.130869999999998799e+04
1.134389999999998872e+04
1.131929999999998836e+04
1.135959999999998581e+04
1.135329999999998836e+04
1.123159999999998399e+04
1.105759999999998945e+04
1.138959999999998763e+04
1.135409999999998763e+04
1.112189999999998872e+04
1.125469999999998799e+04
1.135069999999998799e+04
1.124829999999998472e+04
1.132159999999998763e+04
1.116929999999998472e+04
1.102759999999998945e+04
1.134589999999998690e+04
1.128959999999998763e+04
1.125529999999998472e+04
1.130529999999998836e+04
1.129639999999998872e+04
1.135899999999998727e+04
1.137959999999998763e+04
1.133639999999998690e+04
1.126169999999998799e+04
1.132209999999998763e+04
1.131379999999999018e+04
1.123629999999998472e+04
1.126589999999998690e+04
1.122189999999998508e+04
1.127899999999998909e+04
1.122579999999998654e+04
1.124869999999998799e+04
1.130459999999998763e+04
1.126899999999998545e+04
1.103429999999998654e+04
1.111859999999998763e+04
1.128989999999998872e+04
1.137949999999998727e+04
1.124869999999998618e+04
1.102559999999999127e+04
1.128239999999998690e+04
1.127709999999998763e+04
1.127299999999998545e+04
1.123899999999998545e+04
1.132729999999998836e+04
1.131409999999998945e+04
1.124499999999998545e+04
1.122709999999998945e+04
1.120899999999998545e+04
1.138259999999998763e+04
1.136389999999998690e+04
1.128239999999998690e+04
1.134869999999998799e+04
1.122929999999998472e+04
1.131729999999998836e+04
1.136929999999998836e+04
1.132129999999998836e+04
1.128679999999998472e+04
1.128659999999998763e+04
1.134369999999998799e+04
1.138409999999998763e+04
1.129719999999998799e+04
1.116549999999998727e+04
1.132289999999999054e+04
1.128119999999998618e+04
1.132329999999998836e+04
1.112709999999999127e+04
1.130549999999998727e+04
1.127599999999998909e+04
1.097359999999999127e+04
1.129919999999998799e+04
1.133929999999998836e+04
1.131899999999998727e+04
1.130359999999998763e+04
1.102559999999998581e+04
1.119139999999998690e+04
1.133939999999998872e+04
1.124069999999998799e+04
1.116899999999998727e+04
1.132159999999998763e+04
1.129409999999998945e+04
1.128179999999999018e+04
1.134379999999998836e+04
1.136329999999998836e+04
1.136959999999998763e+04
1.123359999999998763e+04
1.123299999999998545e+04
1.132429999999998654e+04
1.131329999999998654e+04
1.131989999999998872e+04
1.121499999999998545e+04
1.121989999999998508e+04
1.137989999999998690e+04
1.132729999999998836e+04
1.130989999999998872e+04
1.112349999999999091e+04
1.130639999999998872e+04
1.121839999999998690e+04
1.130779999999998836e+04
1.132089999999998872e+04
1.134689999999999054e+04
1.133759999999998763e+04
1.134009999999998945e+04
1.125039999999998690e+04
1.131489999999998690e+04
1.121249999999998545e+04
1.120379999999998654e+04
1.138299999999998727e+04
1.136159999999998763e+04
1.133329999999998836e+04
1.127259999999998945e+04
1.130389999999998872e+04
1.127959999999998581e+04
1.131389999999998690e+04
1.121379999999998836e+04
1.132159999999998763e+04
1.132959999999998763e+04
1.121389999999998690e+04
1.131819999999998799e+04
1.133759999999998945e+04
1.128729999999998654e+04
1.132179999999999018e+04
1.133989999999998872e+04
1.135989999999998690e+04
1.122119999999998436e+04
1.128529999999998654e+04
1.132249999999998727e+04
1.131009999999998763e+04
1.129389999999998690e+04
1.111159999999998945e+04
1.134489999999998872e+04
1.132159999999998763e+04
1.136389999999998690e+04
1.130989999999998872e+04
1.133989999999998872e+04
1.130899999999998727e+04
1.130989999999998872e+04
1.131959999999998763e+04
1.132359999999998763e+04
1.135759999999998763e+04
1.123389999999998690e+04
1.128359999999998581e+04
1.132529999999999018e+04
1.130989999999998690e+04
1.134099999999999091e+04
1.138329999999998654e+04
1.120639999999998690e+04
1.115989999999998690e+04
1.134239999999998872e+04
1.131759999999998763e+04
1.131529999999998836e+04
1.124959999999998763e+04
1.132099999999998909e+04
1.126129999999998472e+04
1.133489999999998872e+04
1.133359999999998763e+04
1.127869999999998618e+04
1.136189999999998690e+04
1.126189999999998508e+04
1.130759999999998763e+04
1.136189999999998872e+04
1.128529999999998472e+04
1.132759999999998763e+04
1.126989999999998508e+04
1.130989999999998690e+04
1.088789999999999054e+04
1.132489999999998872e+04
1.132589999999998690e+04
1.130159999999998763e+04
1.133929999999998836e+04
1.115389999999998872e+04
1.122609999999998763e+04
1.111199999999998909e+04
1.130519999999998618e+04
1.127989999999998690e+04
1.131169999999998799e+04
1.106369999999998981e+04
1.132789999999998872e+04
1.134589999999998872e+04
1.135189999999998872e+04
1.128989999999998690e+04
1.129789999999998872e+04
1.133039999999999054e+04
1.136989999999998690e+04
1.135589999999998872e+04
1.135789999999998690e+04
1.131289999999998872e+04
1.128889999999998690e+04
1.135669999999998799e+04
1.106019999999998981e+04
1.133469999999998799e+04
1.135469999999998981e+04
1.135299999999998727e+04
1.130789999999998690e+04
1.132789999999998872e+04
1.137989999999998690e+04
1.122879999999998472e+04
1.125189999999998508e+04
1.131759999999998763e+04
1.124469999999998618e+04
1.132959999999998763e+04
1.134499999999998727e+04
1.137389999999998690e+04
1.135229999999998836e+04
1.137759999999998763e+04
1.126469999999998618e+04
1.133389999999998872e+04
1.132359999999998763e+04
1.131209999999998945e+04
1.135179999999998836e+04
1.135189999999998872e+04
1.130959999999998763e+04
1.132589999999998690e+04
1.132959999999998945e+04
1.132299999999998727e+04
1.135089999999998872e+04
1.133789999999998690e+04
1.127359999999998763e+04
1.135639999999998872e+04
1.130149999999998727e+04
1.126389999999998508e+04
1.133759999999998763e+04
1.136789999999998690e+04
1.136989999999998690e+04
1.133099999999998909e+04
1.123789999999998872e+04
1.115989999999998690e+04
1.117299999999998545e+04
1.129929999999998654e+04
1.136099999999998727e+04
1.133359999999998945e+04
1.135989999999998872e+04
1.135589999999998872e+04
1.135589999999998872e+04
1.133189999999998872e+04
1.124289999999998690e+04
1.130989999999998690e+04
1.133389999999998872e+04
1.124389999999998508e+04
1.129189999999998690e+04
1.127039999999998690e+04
1.137779999999998836e+04
1.135039999999998872e+04
1.134959999999998763e+04
1.130589999999998690e+04
1.133389999999998872e+04
1.131609999999998945e+04
1.130389999999998690e+04
1.136159999999998763e+04
1.121559999999998581e+04
1.122639999999998690e+04
1.128239999999998690e+04
1.127729999999998654e+04
1.127029999999998654e+04
1.127729999999998472e+04
1.134089999999998690e+04
1.133779999999998654e+04
1.131589999999998690e+04
1.136989999999998690e+04
1.134559999999998945e+04
1.133979999999999018e+04
1.132789999999998872e+04
1.132499999999998727e+04
1.120389999999998508e+04
1.130409999999998581e+04
1.134499999999998727e+04
1.113119999999999163e+04
1.132069999999998799e+04
1.127699999999998727e+04
1.135009999999998763e+04
1.137929999999998654e+04
1.107359999999998945e+04
1.135779999999998836e+04
1.134269999999998799e+04
1.127529999999998472e+04
1.133469999999998981e+04
1.119039999999998872e+04
1.130129999999998836e+04
1.131759999999998763e+04
1.117729999999998654e+04
1.136499999999998727e+04
1.135949999999998727e+04
1.138099999999998727e+04
1.133769999999998981e+04
1.130649999999998727e+04
1.130349999999998727e+04
1.133179999999998836e+04
1.124459999999998581e+04
1.137299999999998727e+04
1.133129999999998654e+04
1.122129999999998654e+04
1.136129999999998836e+04
1.137439999999998690e+04
1.135859999999998763e+04
1.136099999999998727e+04
1.134899999999999091e+04
1.129619999999998799e+04
1.128039999999998508e+04
1.135699999999998727e+04
1.128519999999998799e+04
1.131269999999998799e+04
1.128199999999998545e+04
1.122999999999998727e+04
1.137339999999998690e+04
1.129469999999998618e+04
1.113809999999998945e+04
1.137669999999998799e+04
1.137839999999998872e+04
1.137859999999998763e+04
1.137229999999998836e+04
1.135129999999998836e+04
1.135059999999998763e+04
1.136499999999998727e+04
1.136039999999998690e+04
1.132299999999998909e+04
1.131779999999998836e+04
1.115759999999998945e+04
1.133319999999998981e+04
1.137389999999998690e+04
1.137509999999998945e+04
1.132499999999998909e+04
1.129529999999998654e+04
1.137759999999998763e+04
1.131099999999998909e+04
1.138729999999998654e+04
1.130329999999998836e+04
1.135929999999998836e+04
1.136009999999998763e+04
1.130469999999998618e+04
1.121809999999998763e+04
1.135529999999998836e+04
1.123889999999998690e+04
1.135159999999998763e+04
1.125189999999998508e+04
1.136179999999998836e+04
1.136389999999998690e+04
1.132259999999998763e+04
1.132779999999998836e+04
1.137589999999998690e+04
1.127869999999998618e+04
1.133959999999998763e+04
1.134589999999998690e+04
1.133529999999998836e+04
1.138639999999998690e+04
1.136959999999998763e+04
1.130789999999998690e+04
1.131459999999998945e+04
1.134779999999998836e+04
1.133959999999998763e+04
1.128669999999998436e+04
1.137789999999998690e+04
1.135589999999998690e+04
1.134119999999998981e+04
1.137159999999998763e+04
1.132299999999998909e+04
1.127749999999998545e+04
1.139129999999998654e+04
1.135589999999998690e+04
1.129389999999998690e+04
1.132159999999998581e+04
1.135989999999998872e+04
1.135189999999998690e+04
1.137559999999998763e+04
1.134639999999998690e+04
1.131929999999998836e+04
1.126989999999998690e+04
1.132069999999998799e+04
1.137189999999998690e+04
1.137359999999998763e+04
1.116129999999998654e+04
1.133299999999998727e+04
1.138089999999998690e+04
1.137609999999998763e+04
1.138839999999998690e+04
1.121589999999998690e+04
1.134929999999998654e+04
1.135499999999998909e+04
1.125099999999998727e+04
1.132549999999998909e+04
1.132229999999998836e+04
1.137409999999998763e+04
1.130589999999998872e+04
1.139029999999998654e+04
1.138789999999998690e+04
1.133959999999998763e+04
1.125359999999998399e+04
1.130429999999998836e+04
1.130609999999998945e+04
1.129719999999998799e+04
1.118459999999998581e+04
1.138839999999998872e+04
1.129359999999998581e+04
1.133889999999998690e+04
1.137389999999998690e+04
1.127189999999998508e+04
1.137529999999998836e+04
1.137989999999998690e+04
1.138809999999998581e+04
1.138559999999998763e+04
1.134609999999998763e+04
1.135269999999998618e+04
1.131609999999998763e+04
1.136529999999998836e+04
1.134039999999998872e+04
1.136589999999998690e+04
1.136789999999998690e+04
1.133409999999998763e+04
1.136929999999998836e+04
1.137959999999998763e+04
1.137759999999998763e+04
1.133439999999998690e+04
1.134069999999998799e+04
1.137729999999998654e+04
1.136329999999998836e+04
1.129559999999998581e+04
1.138469999999998799e+04
1.137299999999998727e+04
1.133899999999998727e+04
1.128899999999998909e+04
1.136759999999998763e+04
1.137089999999998690e+04
1.135559999999998763e+04
1.138899999999998727e+04
1.136069999999998799e+04
1.133779999999998836e+04
1.138959999999998581e+04
1.137039999999998872e+04
1.139789999999998690e+04
1.133389999999998872e+04
1.134579999999998836e+04
1.137559999999998763e+04
1.136589999999998690e+04
1.136729999999998836e+04
1.116589999999998508e+04
1.136789999999998690e+04
1.136989999999998690e+04
1.129989999999998690e+04
1.135789999999998690e+04
1.134589999999998872e+04
1.135729999999998836e+04
1.134789999999998690e+04
1.136159999999998945e+04
1.133789999999998872e+04
1.135389999999998872e+04
1.137389999999998690e+04
1.134129999999998836e+04
1.136299999999998727e+04
1.133359999999998763e+04
1.136189999999998872e+04
1.135029999999998654e+04
1.134749999999998909e+04
1.134789999999998690e+04
1.137899999999998545e+04
1.133899999999998909e+04
1.133189999999998690e+04
1.138589999999998690e+04
1.138499999999998727e+04
1.137989999999998690e+04
1.134209999999998763e+04
1.131899999999998909e+04
1.137329999999998654e+04
1.131379999999999018e+04
1.123159999999998399e+04
1.134959999999998763e+04
1.136659999999998763e+04
1.132979999999999018e+04
1.138099999999998727e+04
1.134359999999998763e+04
1.132129999999998836e+04
1.138749999999998727e+04
1.139149999999998727e+04
1.138469999999998799e+04
1.130839999999999054e+04
1.130669999999998799e+04
1.137459999999998945e+04
1.133549999999998909e+04
1.132609999999998945e+04
1.134959999999998763e+04
1.138289999999998872e+04
1.138549999999998727e+04
1.136439999999998690e+04
1.139149999999998909e+04
1.138749999999998545e+04
1.136329999999998654e+04
1.136309999999998763e+04
1.138669999999998618e+04
1.137359999999998763e+04
1.134329999999998836e+04
1.137729999999998836e+04
1.137359999999998763e+04
1.126559999999998581e+04
1.135469999999998981e+04
1.134959999999998763e+04
1.137239999999998690e+04
1.139359999999998581e+04
1.137529999999998654e+04
1.129359999999998581e+04
1.134929999999998836e+04
1.129689999999998690e+04
1.136789999999998690e+04
1.132649999999998909e+04
1.138569999999998618e+04
1.115929999999998836e+04
1.137359999999998763e+04
1.138869999999998618e+04
1.132779999999998836e+04
1.137609999999998763e+04
1.134899999999998727e+04
1.134759999999998945e+04
1.131789999999998690e+04
1.136409999999998763e+04
1.135959999999998763e+04
1.136759999999998581e+04
1.126869999999998618e+04
1.131129999999998836e+04
1.131929999999998836e+04
1.132389999999998872e+04
1.139379999999998654e+04
1.139529999999998654e+04
1.138269999999998799e+04
1.132269999999998618e+04
1.138529999999998654e+04
1.133789999999998690e+04
1.129909999999998763e+04
1.137059999999998763e+04
1.134889999999998690e+04
1.132099999999998909e+04
1.139409999999998581e+04
1.129989999999998690e+04
1.135829999999998836e+04
1.137969999999998618e+04
1.136759999999998945e+04
1.137259999999998763e+04
1.138239999999998690e+04
1.131619999999998981e+04
1.135759999999998945e+04
1.136149999999998727e+04
1.126579999999998472e+04
1.138039999999998690e+04
1.135999999999998909e+04
1.133949999999998909e+04
1.138889999999998690e+04
1.136759999999998763e+04
1.136199999999998545e+04
1.136919999999998799e+04
1.130149999999998909e+04
1.137639999999998690e+04
1.138059999999998945e+04
1.138129999999998654e+04
1.135129999999998654e+04
1.139519999999998799e+04
1.136409999999998945e+04
1.132959999999998763e+04
1.136189999999998690e+04
1.134959999999998763e+04
1.136959999999998763e+04
1.130639999999998872e+04
1.129789999999998690e+04
1.139239999999998690e+04
1.135559999999998763e+04
1.133359999999998763e+04
1.124999999999998545e+04
1.132379999999998836e+04
1.138129999999998836e+04
1.139089999999998690e+04
1.138669999999998799e+04
1.126269999999998799e+04
1.137839999999998690e+04
1.138359999999998581e+04
1.131099999999998727e+04
1.133099999999998727e+04
1.130039999999998690e+04
1.139329999999998654e+04
1.130559999999998763e+04
1.137379999999998654e+04
1.138729999999998654e+04
1.132209999999998945e+04
1.133989999999998690e+04
1.131589999999998872e+04
1.135009999999998763e+04
1.127789999999998690e+04
1.134409999999998763e+04
1.134809999999998763e+04
1.137839999999998690e+04
1.136639999999998690e+04
1.131329999999998654e+04
1.136669999999998618e+04
1.135559999999998763e+04
1.137359999999998763e+04
1.137929999999998654e+04
1.135529999999998836e+04
1.137589999999998690e+04
1.130289999999998872e+04
1.135959999999998763e+04
1.133369999999998618e+04
1.135589999999998872e+04
1.137699999999998727e+04
1.136789999999998690e+04
1.131959999999998763e+04
1.133529999999998836e+04
1.130069999999998981e+04
1.137189999999998690e+04
1.130189999999998872e+04
1.127189999999998690e+04
1.127129999999998654e+04
1.134439999999998872e+04
1.133789999999998690e+04
1.133159999999998763e+04
1.131559999999998763e+04
1.135269999999998799e+04
1.135429999999999018e+04
1.138989999999998690e+04
1.131359999999998581e+04
1.137749999999998727e+04
1.135529999999998836e+04
1.122769999999998618e+04
1.135939999999998872e+04
1.139399999999998727e+04
1.131409999999998763e+04
1.129729999999998836e+04
1.132709999999998763e+04
1.124369999999998618e+04
1.136899999999998727e+04
1.135379999999998654e+04
1.135999999999998727e+04
1.135879999999998654e+04
1.133169999999998799e+04
1.138199999999998727e+04
1.124909999999998763e+04
1.130969999999998799e+04
1.137009999999998581e+04
1.135309999999998763e+04
1.133839999999998872e+04
1.133969999999998981e+04
1.139789999999998690e+04
1.137999999999998727e+04
1.136669999999998799e+04
1.136119999999998618e+04
1.136359999999998763e+04
1.139729999999998836e+04
1.138489999999998690e+04
1.128329999999998654e+04
1.134269999999998981e+04
1.134239999999998872e+04
1.129959999999998945e+04
1.127789999999998508e+04
1.131359999999998763e+04
1.137959999999998581e+04
1.121329999999998472e+04
1.136699999999998909e+04
1.138959999999998763e+04
1.138559999999998763e+04
1.137529999999998836e+04
1.136729999999998836e+04
1.136359999999998581e+04
1.136559999999998763e+04
1.135929999999999018e+04
1.139789999999998690e+04
1.139519999999998799e+04
1.137959999999998763e+04
1.134189999999998872e+04
1.128179999999998472e+04
1.133759999999998581e+04
1.133189999999998872e+04
1.129729999999998836e+04
1.136759999999998581e+04
1.132559999999998763e+04
1.137929999999998654e+04
1.137009999999998763e+04
1.136049999999998909e+04
1.139349999999998909e+04
1.136719999999998981e+04
1.133049999999998727e+04
1.131959999999998945e+04
1.139759999999998581e+04
1.135809999999998763e+04
1.138309999999998763e+04
1.134929999999998836e+04
1.134069999999998799e+04
1.136269999999998799e+04
1.139499999999998545e+04
1.139699999999998727e+04
1.131389999999998690e+04
1.136409999999998763e+04
1.132989999999998872e+04
1.135159999999998945e+04
1.138729999999998654e+04
1.131739999999998690e+04
1.133869999999998799e+04
1.134359999999998945e+04
1.133059999999998763e+04
1.138159999999998581e+04
1.132929999999998836e+04
1.119559999999998763e+04
1.133269999999998618e+04
1.128589999999998872e+04
1.134839999999998872e+04
1.128229999999998472e+04
1.134299999999998909e+04
1.136269999999998799e+04
1.128419999999998618e+04
1.138319999999998618e+04
1.139019999999998799e+04
1.136549999999998909e+04
1.138409999999998763e+04
1.138289999999998690e+04
1.138529999999998654e+04
1.132239999999998872e+04
1.137229999999998836e+04
1.138459999999998763e+04
1.138399999999998727e+04
1.138899999999998727e+04
1.137989999999998690e+04
1.138359999999998763e+04
1.138389999999998690e+04
1.135069999999998799e+04
1.139159999999998581e+04
1.132789999999998690e+04
1.133959999999998763e+04
1.138439999999998508e+04
1.131959999999998763e+04
1.138159999999998763e+04
1.133779999999998836e+04
1.132749999999998727e+04
1.137469999999998618e+04
1.132179999999998836e+04
1.134749999999998727e+04
1.136679999999998654e+04
1.138139999999999054e+04
1.138299999999998727e+04
1.136749999999998909e+04
1.137759999999998763e+04
1.137159999999998763e+04
1.138559999999998581e+04
1.136979999999998836e+04
1.139729999999998654e+04
1.134129999999998836e+04
1.136189999999998690e+04
1.134959999999998763e+04
1.136699999999998727e+04
1.138729999999998654e+04
1.136789999999998690e+04
1.133359999999998763e+04
1.137759999999998581e+04
1.131659999999998763e+04
1.133209999999998763e+04
1.137529999999998654e+04
1.138589999999998690e+04
1.132519999999998799e+04
1.137159999999998581e+04
1.124989999999998508e+04
1.137159999999998763e+04
1.139579999999998654e+04
1.138529999999998654e+04
1.132669999999998981e+04
1.133979999999998836e+04
1.137519999999998799e+04
1.138349999999998727e+04
1.138589999999998690e+04
1.137989999999998690e+04
1.133249999999998727e+04
1.137239999999998872e+04
1.127029999999998836e+04
1.139639999999998690e+04
1.135129999999998836e+04
1.135389999999998872e+04
1.137499999999998727e+04
1.139669999999998618e+04
1.135669999999998799e+04
1.134979999999998836e+04
1.136179999999998654e+04
1.119169999999998618e+04
1.131499999999998727e+04
1.139069999999998618e+04
1.135909999999998763e+04
1.139759999999998581e+04
1.138209999999998763e+04
1.136779999999998836e+04
1.107139999999999236e+04
1.119729999999998654e+04
1.132499999999998909e+04
1.128529999999998836e+04
1.133899999999998727e+04
1.136469999999998981e+04
1.134739999999998690e+04
1.139789999999998690e+04
1.131259999999998763e+04
1.139699999999998727e+04
1.133809999999998763e+04
1.139489999999998872e+04
1.122869999999998618e+04
1.139789999999998690e+04
1.138729999999998654e+04
1.136789999999998690e+04
1.139459999999998581e+04
1.133919999999998618e+04
1.139669999999998618e+04
1.137029999999998654e+04
1.135009999999998763e+04
1.135699999999998727e+04
1.130899999999998909e+04
1.139789999999998690e+04
1.131989999999998690e+04
1.126099999999998545e+04
1.133359999999998763e+04
1.128159999999998581e+04
1.138589999999998690e+04
1.139729999999998654e+04
1.135089999999998690e+04
1.139399999999998727e+04
1.137069999999998799e+04
1.137639999999998872e+04
1.133759999999998945e+04
1.135589999999998690e+04
1.138149999999998727e+04
1.139669999999998799e+04
1.135989999999998690e+04
1.135889999999998872e+04
1.136189999999998690e+04
1.136559999999998581e+04
1.133299999999998909e+04
1.133869999999998799e+04
1.138589999999998690e+04
1.136529999999998836e+04
1.136989999999998690e+04
1.138499999999998727e+04
1.137359999999998763e+04
1.137359999999998763e+04
1.127389999999998508e+04
1.133189999999998872e+04
1.133159999999998945e+04
1.138469999999998799e+04
1.138439999999998690e+04
1.122779999999998654e+04
1.139549999999998727e+04
1.137329999999998654e+04
1.139689999999998690e+04
1.138779999999998654e+04
1.135159999999998763e+04
1.139639999999998690e+04
1.132959999999998763e+04
1.137669999999998799e+04
1.138729999999998654e+04
1.137179999999998836e+04
1.137839999999998690e+04
1.133269999999998799e+04
1.137589999999998690e+04
1.134629999999998654e+04
1.138829999999998654e+04
1.131839999999998690e+04
1.135279999999999018e+04
1.126889999999998508e+04
1.135239999999998872e+04
1.135269999999998799e+04
1.138299999999998727e+04
1.139759999999998581e+04
1.138409999999998763e+04
1.134469999999998618e+04
1.139789999999998690e+04
1.139699999999998545e+04
1.120489999999998872e+04
1.134789999999998872e+04
1.128499999999998545e+04
1.127159999999998763e+04
1.139699999999998727e+04
1.139669999999998618e+04
1.139759999999998581e+04
1.136669999999998799e+04
1.139729999999998836e+04
1.139639999999998690e+04
1.139729999999998654e+04
1.135989999999998690e+04
1.135889999999998872e+04
1.138789999999998690e+04
1.135499999999998909e+04
1.128529999999998472e+04
1.138929999999998654e+04
1.134069999999998799e+04
1.139299999999998727e+04
1.139669999999998618e+04
1.134309999999998581e+04
1.137179999999998836e+04
1.131159999999998945e+04
1.138869999999998618e+04
1.136609999999998763e+04
1.139699999999998727e+04
1.135699999999998909e+04
1.134289999999998690e+04
1.138489999999998690e+04
1.138469999999998618e+04
1.137759999999998763e+04
1.136689999999998872e+04
1.138789999999998690e+04
1.138649999999998727e+04
1.137159999999998763e+04
1.137859999999998763e+04
1.138439999999998690e+04
1.130169999999998799e+04
1.138759999999998763e+04
1.137559999999998763e+04
1.137589999999998690e+04
1.138929999999998654e+04
1.137439999999998690e+04
1.127559999999998581e+04
1.138169999999998799e+04
1.139789999999998690e+04
1.139289999999998690e+04
1.136159999999998763e+04
1.139729999999998836e+04
1.138529999999998654e+04
1.138559999999998763e+04
1.134529999999998836e+04
1.138069999999998618e+04
1.138899999999998545e+04
1.136009999999998945e+04
1.138389999999998690e+04
1.129359999999998763e+04
1.125789999999998508e+04
1.135589999999998690e+04
1.138789999999998690e+04
1.134699999999998727e+04
1.136989999999998690e+04
1.138359999999998763e+04
1.135409999999998945e+04
1.139389999999998690e+04
1.135189999999998690e+04
1.135389999999998690e+04
1.122729999999998472e+04
1.136159999999998581e+04
1.134119999999998618e+04
1.131299999999998909e+04
1.138299999999998727e+04
1.136989999999998690e+04
1.132589999999998872e+04
1.138929999999998654e+04
1.139759999999998581e+04
1.123359999999998763e+04
1.130789999999998690e+04
1.130159999999998581e+04
1.139129999999998654e+04
1.138389999999998690e+04
1.135789999999998690e+04
1.136559999999998763e+04
1.138499999999998909e+04
1.136789999999998690e+04
1.138119999999998799e+04
1.135729999999998654e+04
1.139299999999998727e+04
1.134069999999998799e+04
1.132389999999998690e+04
1.137639999999998690e+04
1.135529999999998654e+04
1.139789999999998690e+04
1.137259999999998945e+04
1.137119999999998799e+04
1.136759999999998763e+04
1.138559999999998763e+04
1.138559999999998763e+04
1.137269999999998799e+04
1.134509999999998763e+04
1.134809999999998763e+04
1.138789999999998690e+04
1.139399999999998727e+04
1.137609999999998763e+04
1.135189999999998872e+04
1.137229999999998836e+04
1.137809999999998763e+04
1.135129999999998836e+04
1.138429999999998654e+04
1.139789999999998690e+04
1.135159999999998763e+04
1.138789999999998690e+04
1.137529999999998654e+04
1.133359999999998763e+04
1.134329999999998836e+04
1.136689999999998690e+04
1.139789999999998690e+04
1.137789999999998690e+04
1.139789999999998690e+04
1.133769999999998799e+04
1.138289999999998872e+04
1.125599999999998545e+04
1.138329999999998836e+04
1.138989999999998690e+04
1.137899999999998727e+04
1.135389999999998690e+04
1.131529999999998836e+04
1.137729999999998654e+04
1.135369999999998981e+04
1.132329999999998654e+04
1.131769999999998981e+04
1.128909999999998763e+04
1.139639999999998690e+04
1.139609999999998763e+04
1.139759999999998581e+04
1.139609999999998763e+04
1.136299999999998909e+04
1.139759999999998581e+04
1.134929999999998836e+04
1.136959999999998581e+04
1.132239999999998690e+04
1.138359999999998763e+04
1.139639999999998690e+04
1.138189999999998690e+04
1.136789999999998690e+04
1.139789999999998690e+04
1.138559999999998763e+04
1.129589999999998690e+04
1.139489999999998872e+04
1.135459999999998763e+04
1.131959999999998763e+04
1.137959999999998763e+04
1.136959999999998763e+04
1.137759999999998763e+04
1.138989999999998690e+04
1.137659999999998763e+04
1.139389999999998690e+04
1.137359999999998763e+04
1.139519999999998799e+04
1.137329999999998836e+04
1.138389999999998690e+04
1.137389999999998690e+04
1.139789999999998690e+04
1.138989999999998690e+04
1.135269999999998618e+04
1.136789999999998690e+04
1.139699999999998545e+04
1.139789999999998690e+04
1.139789999999998690e+04
1.137989999999998690e+04
1.139789999999998690e+04
1.135979999999998836e+04
1.137289999999998690e+04
1.137499999999998727e+04
1.139729999999998654e+04
1.137729999999998654e+04
1.137129999999998836e+04
1.136669999999998799e+04
1.138329999999998654e+04
1.137559999999998763e+04
1.135629999999998654e+04
1.137989999999998690e+04
1.134889999999998690e+04
1.129789999999998872e+04
1.127189999999998508e+04
1.138529999999998654e+04
1.138959999999998581e+04
1.135499999999998727e+04
1.133619999999998799e+04
1.139469999999998618e+04
1.130229999999998654e+04
1.130669999999998799e+04
1.139159999999998581e+04
1.139759999999998581e+04
1.132929999999998836e+04
1.135529999999998654e+04
1.136009999999998763e+04
1.136649999999998545e+04
1.135789999999998690e+04
1.134549999999998909e+04
1.138529999999998654e+04
1.138149999999998727e+04
1.136689999999998690e+04
1.132899999999998727e+04
1.139209999999998581e+04
1.137759999999998581e+04
1.128959999999998763e+04
1.139669999999998618e+04
1.133299999999998909e+04
1.135129999999998654e+04
1.120559999999998581e+04
1.137379999999998836e+04
1.134189999999998872e+04
1.128299999999998545e+04
1.136069999999998799e+04
1.135179999999998836e+04
1.137009999999998763e+04
1.129789999999998872e+04
1.132559999999998763e+04
1.131829999999998654e+04
1.133789999999998690e+04
1.139759999999998581e+04
1.137329999999998654e+04
1.136729999999998654e+04
1.133469999999998799e+04
1.139759999999998763e+04
1.136729999999998836e+04
1.137359999999998763e+04
1.139459999999998581e+04
1.139729999999998654e+04
1.131159999999998763e+04
1.131869999999998618e+04
1.117989999999998508e+04
1.134359999999998763e+04
1.137959999999998763e+04
1.137869999999998799e+04
1.134999999999998909e+04
1.139109999999998763e+04
1.139459999999998763e+04
1.139639999999998690e+04
1.130599999999998909e+04
1.136759999999998581e+04
1.139759999999998581e+04
1.137189999999998690e+04
1.139759999999998581e+04
1.139519999999998799e+04
1.139789999999998690e+04
1.139789999999998690e+04
1.139699999999998545e+04
1.133639999999999054e+04
1.137439999999998872e+04
1.139729999999998654e+04
1.136929999999998654e+04
1.134249999999998727e+04
1.139729999999998654e+04
1.137929999999998654e+04
1.130829999999998654e+04
1.137359999999998763e+04
1.125159999999998763e+04
1.134949999999998909e+04
1.131299999999998727e+04
1.138959999999998581e+04
1.134699999999998909e+04
1.139789999999998690e+04
1.136179999999998654e+04
1.135259999999998763e+04
1.137339999999998872e+04
1.138929999999998654e+04
1.135859999999998763e+04
1.135389999999998872e+04
1.133559999999998763e+04
1.133589999999998872e+04
1.138149999999998909e+04
1.139589999999998690e+04
1.139139999999998690e+04
1.139729999999998654e+04
1.134069999999998799e+04
1.137499999999998727e+04
1.139669999999998618e+04
1.138559999999998763e+04
1.134749999999998727e+04
1.132269999999998799e+04
1.137859999999998763e+04
1.137499999999998909e+04
1.136729999999998654e+04
1.136759999999998763e+04
1.138489999999998690e+04
1.136699999999998727e+04
1.107259999999998945e+04
1.132959999999998763e+04
1.138989999999998690e+04
1.138989999999998690e+04
1.139669999999998618e+04
1.139789999999998690e+04
1.135299999999998727e+04
1.137519999999998799e+04
1.135299999999998727e+04
1.128089999999998690e+04
1.133749999999998909e+04
1.133579999999998836e+04
1.134929999999998836e+04
1.130669999999998799e+04
1.135129999999998836e+04
1.139459999999998763e+04
1.135359999999998763e+04
1.136609999999998763e+04
1.138009999999998763e+04
1.137579999999998836e+04
1.137699999999998727e+04
1.139219999999998799e+04
1.137699999999998909e+04
1.139459999999998763e+04
1.136549999999998727e+04
1.135809999999998763e+04
1.139699999999998727e+04
1.135989999999998872e+04
1.134529999999998836e+04
1.139759999999998581e+04
1.126389999999998508e+04
1.139669999999998799e+04
1.135179999999999018e+04
1.139359999999998763e+04
1.134529999999998836e+04
1.134529999999998836e+04
1.139039999999998690e+04
1.136529999999998836e+04
1.133529999999998836e+04
1.139759999999998581e+04
1.134609999999998945e+04
1.139189999999998690e+04
1.135099999999998727e+04
1.137009999999998945e+04
1.132969999999998618e+04
1.138639999999998690e+04
1.139379999999998836e+04
1.136299999999998727e+04
1.136359999999998945e+04
1.130309999999998945e+04
1.139669999999998618e+04
1.139729999999998654e+04
1.134069999999998981e+04
1.136189999999998690e+04
1.130389999999998690e+04
1.128179999999999018e+04
1.133249999999999091e+04
1.134049999999999091e+04
1.132179999999998836e+04
1.136459999999998763e+04
1.134439999999998690e+04
1.133319999999998981e+04
1.136639999999998690e+04
1.130009999999998763e+04
1.135639999999998872e+04
1.127719999999998981e+04
1.136899999999998727e+04
1.133549999999998909e+04
1.130749999999998545e+04
1.136359999999998581e+04
1.121059999999998581e+04
1.134729999999998836e+04
1.137359999999998763e+04
1.131409999999998763e+04
1.139459999999998763e+04
1.135349999999998727e+04
1.138039999999998872e+04
1.136929999999998836e+04
1.137239999999998690e+04
1.134149999999998727e+04
1.134809999999998763e+04
1.126099999999998363e+04
1.139729999999998654e+04
1.137039999999998508e+04
1.130359999999998581e+04
1.136129999999998836e+04
1.122529999999998472e+04
1.139609999999998763e+04
1.139789999999998690e+04
1.139789999999998690e+04
1.133349999999998727e+04
1.139699999999998727e+04
1.139759999999998581e+04
1.138989999999998690e+04
1.139729999999998654e+04
1.139759999999998581e+04
1.134299999999998909e+04
1.136159999999998763e+04
1.139159999999998581e+04
1.132929999999999018e+04
1.122899999999998727e+04
1.127159999999998581e+04
1.131329999999998836e+04
1.136699999999998727e+04
1.135759999999998763e+04
1.134959999999998945e+04
1.135589999999998690e+04
1.139789999999998690e+04
1.138389999999998690e+04
1.137699999999998727e+04
1.139159999999998581e+04
1.136829999999998836e+04
1.138589999999998690e+04
1.129999999999998909e+04
1.130069999999998618e+04
1.136389999999998690e+04
1.135709999999998763e+04
1.137729999999998654e+04
1.137699999999998727e+04
1.127559999999998763e+04
1.138729999999998654e+04
1.138069999999998799e+04
1.139129999999998654e+04
1.138959999999998581e+04
1.139129999999998654e+04
1.130559999999998945e+04
1.139639999999998690e+04
1.137559999999998763e+04
1.138989999999998690e+04
1.137729999999998654e+04
1.133359999999998945e+04
1.130469999999998618e+04
1.131559999999998763e+04
1.138159999999998763e+04
1.139329999999998654e+04
1.136899999999998545e+04
1.139559999999998763e+04
1.138319999999998799e+04
1.129129999999998472e+04
1.138359999999998763e+04
1.137889999999998872e+04
1.138029999999998654e+04
1.138359999999998763e+04
1.139549999999998727e+04
1.139759999999998581e+04
1.137589999999998690e+04
1.135129999999999018e+04
1.137809999999998763e+04
1.133699999999998909e+04
1.138359999999998581e+04
1.136669999999998799e+04
1.138789999999998690e+04
1.137319999999998618e+04
1.139099999999998727e+04
1.139579999999998654e+04
1.135879999999998654e+04
1.135579999999998654e+04
1.132759999999998763e+04
1.138379999999998654e+04
1.135389999999998872e+04
1.136019999999998799e+04
1.138499999999998545e+04
1.136189999999998690e+04
1.139789999999998690e+04
