5.787599999999998545e+03
6.504199999999995271e+03
8.002699999999997090e+03
6.868899999999995998e+03
5.165699999999998909e+03
5.248299999999999272e+03
6.476199999999996180e+03
5.393200000000001637e+03
7.500399999999995998e+03
6.789699999999997090e+03
8.005599999999994907e+03
8.445900000000003274e+03
8.429900000000001455e+03
8.849900000000003274e+03
8.873900000000005093e+03
8.743900000000003274e+03
8.565900000000001455e+03
9.401899999999999636e+03
8.729900000000003274e+03
8.933900000000005093e+03
8.699200000000004366e+03
8.081899999999995089e+03
9.343500000000003638e+03
8.739900000000005093e+03
8.855900000000001455e+03
8.700000000000003638e+03
8.775900000000003274e+03
8.991900000000003274e+03
9.621899999999999636e+03
7.908699999999995271e+03
9.205900000000001455e+03
9.061900000000003274e+03
8.027899999999995089e+03
8.563899999999999636e+03
9.011900000000005093e+03
9.416400000000001455e+03
9.061900000000003274e+03
8.813900000000003274e+03
9.319900000000003274e+03
9.049900000000003274e+03
9.621900000000001455e+03
9.295900000000003274e+03
8.943900000000003274e+03
8.981900000000005093e+03
9.293900000000003274e+03
9.142600000000004002e+03
9.115900000000003274e+03
9.117900000000003274e+03
9.304000000000001819e+03
1.001659999999999854e+04
8.667900000000001455e+03
9.057900000000006912e+03
9.728100000000002183e+03
9.279900000000003274e+03
9.195900000000003274e+03
9.518900000000003274e+03
9.863899999999997817e+03
9.108900000000003274e+03
1.006589999999999600e+04
9.479900000000001455e+03
9.411900000000001455e+03
8.845900000000003274e+03
8.969900000000005093e+03
1.024789999999999782e+04
9.937900000000001455e+03
9.101900000000003274e+03
9.815899999999997817e+03
9.907900000000001455e+03
1.016989999999999782e+04
9.867899999999997817e+03
9.927899999999997817e+03
9.803900000000001455e+03
9.709900000000001455e+03
9.751900000000001455e+03
9.545900000000001455e+03
9.977899999999997817e+03
9.977899999999997817e+03
9.489899999999999636e+03
9.959899999999997817e+03
9.973899999999997817e+03
1.003389999999999782e+04
1.038789999999999236e+04
9.822300000000004729e+03
9.694200000000000728e+03
9.831900000000001455e+03
9.719400000000001455e+03
9.748600000000000364e+03
1.010129999999999927e+04
9.518299999999999272e+03
9.438100000000002183e+03
9.559000000000001819e+03
1.001040000000000146e+04
1.000589999999999782e+04
9.689800000000001091e+03
9.895099999999998545e+03
9.745399999999999636e+03
9.796400000000001455e+03
9.711300000000001091e+03
1.005969999999999891e+04
9.846799999999997453e+03
9.524700000000000728e+03
1.005660000000000036e+04
9.747299999999999272e+03
1.005369999999999891e+04
9.510100000000002183e+03
9.721100000000002183e+03
9.348000000000001819e+03
9.506100000000000364e+03
9.605400000000001455e+03
1.031949999999999454e+04
9.480600000000000364e+03
1.091009999999999127e+04
9.979299999999997453e+03
9.628800000000002910e+03
1.021769999999999709e+04
9.543000000000001819e+03
1.015519999999999709e+04
1.012509999999999854e+04
1.044799999999999091e+04
9.936799999999999272e+03
1.074289999999999236e+04
1.070909999999999127e+04
1.075609999999999127e+04
9.584400000000001455e+03
9.394000000000001819e+03
1.006649999999999818e+04
9.888199999999998909e+03
1.011839999999999782e+04
9.660200000000000728e+03
9.528700000000000728e+03
9.595600000000002183e+03
1.030389999999999600e+04
9.759900000000001455e+03
9.901899999999997817e+03
9.877900000000001455e+03
1.077789999999999236e+04
1.011580000000000291e+04
9.941199999999997090e+03
9.961899999999997817e+03
1.009389999999999782e+04
1.026299999999999454e+04
1.027409999999999491e+04
9.792800000000001091e+03
9.251900000000005093e+03
1.023989999999999600e+04
1.038009999999999673e+04
1.045959999999999127e+04
9.732300000000001091e+03
1.018579999999999927e+04
1.013719999999999709e+04
9.905399999999997817e+03
1.012139999999999782e+04
1.024009999999999673e+04
1.002389999999999782e+04
1.013239999999999964e+04
9.863199999999998909e+03
1.016149999999999818e+04
1.013819999999999709e+04
1.001000000000000182e+04
1.030529999999999563e+04
1.061279999999999200e+04
1.036699999999999636e+04
1.022189999999999600e+04
1.050719999999999345e+04
1.027519999999999891e+04
1.048999999999999272e+04
1.013809999999999673e+04
1.014190000000000146e+04
9.730700000000000728e+03
9.981899999999999636e+03
1.083589999999999054e+04
9.667200000000002547e+03
1.035179999999999563e+04
1.027329999999999382e+04
9.548700000000002547e+03
9.697600000000002183e+03
1.008880000000000109e+04
1.002839999999999782e+04
9.138799999999999272e+03
1.012369999999999709e+04
1.013229999999999927e+04
1.013939999999999782e+04
1.000050000000000000e+04
9.986399999999997817e+03
1.031999999999999636e+04
1.008399999999999818e+04
9.861100000000000364e+03
9.730699999999997090e+03
9.668400000000001455e+03
1.034309999999999673e+04
1.033119999999999527e+04
1.018949999999999636e+04
9.744700000000004366e+03
9.784100000000002183e+03
1.007910000000000036e+04
9.893499999999998181e+03
9.704600000000000364e+03
1.029229999999999563e+04
9.811299999999999272e+03
1.007729999999999927e+04
1.044139999999999236e+04
1.028099999999999818e+04
9.599500000000000000e+03
1.045059999999999309e+04
1.017389999999999782e+04
1.014909999999999673e+04
1.042539999999999418e+04
1.000639999999999782e+04
1.049089999999999418e+04
1.014499999999999636e+04
1.078289999999999236e+04
9.633399999999999636e+03
1.000399999999999818e+04
1.010959999999999854e+04
9.798100000000000364e+03
9.580000000000001819e+03
9.995099999999996726e+03
8.841900000000003274e+03
9.685500000000001819e+03
1.087069999999999163e+04
1.084439999999999054e+04
1.018359999999999673e+04
1.020269999999999527e+04
1.012499999999999636e+04
1.016819999999999709e+04
9.944699999999998909e+03
1.047559999999999491e+04
1.021179999999999563e+04
1.023389999999999600e+04
9.920400000000003274e+03
1.054959999999999127e+04
1.051209999999999127e+04
1.029929999999999745e+04
1.012959999999999854e+04
1.006189999999999964e+04
1.024759999999999673e+04
9.790400000000001455e+03
1.020299999999999454e+04
1.006069999999999891e+04
1.045719999999999527e+04
1.041379999999999382e+04
1.021559999999999673e+04
1.016669999999999891e+04
1.048389999999999418e+04
1.082589999999999236e+04
9.997599999999998545e+03
1.002009999999999854e+04
1.055759999999999127e+04
1.073989999999999054e+04
1.043189999999999236e+04
1.070329999999999200e+04
1.018389999999999600e+04
1.010439999999999782e+04
1.022669999999999527e+04
1.029759999999999491e+04
1.025659999999999673e+04
9.931000000000000000e+03
9.781700000000000728e+03
9.516100000000002183e+03
1.070129999999999200e+04
1.036949999999999636e+04
1.003589999999999782e+04
1.026189999999999600e+04
1.026699999999999818e+04
1.039159999999999491e+04
1.032559999999999673e+04
1.052939999999999236e+04
1.022709999999999673e+04
1.068359999999999127e+04
1.028679999999999563e+04
9.641000000000001819e+03
9.732699999999997090e+03
1.021859999999999491e+04
1.083259999999999127e+04
1.036349999999999454e+04
1.010789999999999782e+04
1.023289999999999600e+04
1.016789999999999418e+04
1.009989999999999964e+04
1.052159999999999127e+04
1.066039999999999054e+04
1.044589999999999054e+04
9.999299999999999272e+03
9.911599999999998545e+03
1.011889999999999782e+04
1.019189999999999964e+04
1.016410000000000036e+04
1.030039999999999600e+04
1.060759999999998945e+04
1.044679999999999200e+04
1.018469999999999709e+04
9.803299999999999272e+03
1.010269999999999891e+04
1.046839999999999418e+04
1.009039999999999964e+04
9.970499999999998181e+03
1.012959999999999673e+04
1.016839999999999964e+04
1.024189999999999600e+04
1.027809999999999491e+04
1.001159999999999854e+04
1.005589999999999964e+04
1.015980000000000109e+04
1.011589999999999782e+04
1.002499999999999818e+04
1.023669999999999709e+04
1.026409999999999854e+04
1.057069999999999163e+04
9.833399999999997817e+03
1.071869999999999163e+04
9.970999999999998181e+03
1.002799999999999636e+04
9.913599999999998545e+03
1.001959999999999673e+04
1.025399999999999636e+04
1.018669999999999891e+04
1.027299999999999454e+04
1.002669999999999891e+04
1.029199999999999454e+04
1.067769999999999163e+04
9.979099999999998545e+03
1.007860000000000036e+04
1.031759999999999673e+04
1.042949999999999091e+04
1.047299999999999091e+04
1.105079999999998472e+04
1.006189999999999782e+04
1.029739999999999418e+04
9.795600000000000364e+03
1.041669999999999527e+04
1.065069999999999527e+04
1.009879999999999745e+04
1.046989999999999600e+04
1.024729999999999382e+04
1.029389999999999600e+04
1.012329999999999927e+04
1.015589999999999782e+04
1.014749999999999818e+04
1.015729999999999927e+04
1.028179999999999563e+04
1.054099999999999272e+04
1.043159999999999127e+04
1.039339999999999236e+04
1.029389999999999600e+04
1.050199999999999272e+04
1.057189999999999054e+04
1.038819999999999527e+04
1.059989999999999236e+04
1.074559999999998945e+04
1.025659999999999673e+04
1.067189999999999054e+04
1.005389999999999782e+04
1.057389999999999236e+04
1.039159999999999491e+04
1.026989999999999600e+04
1.029589999999999600e+04
1.073959999999999127e+04
1.051759999999999127e+04
1.059159999999999309e+04
1.024319999999999891e+04
1.028939999999999600e+04
1.033069999999999527e+04
1.058349999999999272e+04
1.025059999999999491e+04
1.044989999999999054e+04
1.028669999999999709e+04
1.072759999999999309e+04
1.043489999999999236e+04
1.035559999999999491e+04
1.049529999999999382e+04
1.026999999999999636e+04
9.903300000000001091e+03
1.014150000000000000e+04
1.035559999999999491e+04
1.062359999999999673e+04
1.041419999999999709e+04
1.030699999999999818e+04
1.030979999999999745e+04
1.002009999999999854e+04
1.048859999999999127e+04
1.094879999999999018e+04
1.015119999999999709e+04
1.009219999999999891e+04
9.987100000000000364e+03
1.035009999999999673e+04
1.024779999999999745e+04
1.032599999999999636e+04
1.019789999999999782e+04
1.058729999999999018e+04
1.053239999999999236e+04
1.046359999999999309e+04
1.090699999999999091e+04
1.010189999999999964e+04
1.104789999999998690e+04
1.034159999999999673e+04
1.081289999999999054e+04
1.044889999999999600e+04
1.037189999999999418e+04
1.003189999999999782e+04
1.053389999999999418e+04
1.002759999999999673e+04
1.043589999999999236e+04
1.039379999999999200e+04
1.047389999999999054e+04
1.012409999999999854e+04
1.025459999999999673e+04
1.069269999999999163e+04
1.068329999999999018e+04
1.033189999999999600e+04
1.059589999999999054e+04
1.033359999999999673e+04
1.057989999999999236e+04
9.879899999999999636e+03
1.022609999999999673e+04
1.055889999999999236e+04
1.071759999999999309e+04
1.034129999999999563e+04
1.082929999999999200e+04
1.058509999999999491e+04
1.004329999999999745e+04
1.035429999999999563e+04
1.050379999999999382e+04
1.037979999999999563e+04
1.029589999999999600e+04
1.080789999999999236e+04
1.022039999999999236e+04
1.042909999999999309e+04
1.044309999999999127e+04
1.063029999999999018e+04
1.046489999999999600e+04
1.033049999999999454e+04
1.042519999999999527e+04
1.051799999999999636e+04
1.049219999999999163e+04
1.052359999999999309e+04
1.065379999999999200e+04
1.062589999999999054e+04
1.029989999999999600e+04
1.018699999999999636e+04
1.055739999999999418e+04
1.075239999999999054e+04
1.051589999999999054e+04
1.026189999999999600e+04
1.040189999999999600e+04
1.046569999999999163e+04
1.048439999999999236e+04
1.048389999999999054e+04
1.046359999999999309e+04
1.012359999999999854e+04
1.051759999999999309e+04
1.009529999999999745e+04
1.045959999999999309e+04
1.012469999999999527e+04
1.026639999999999600e+04
1.052009999999999491e+04
1.044499999999999272e+04
1.038929999999999382e+04
1.077849999999998909e+04
1.028129999999999382e+04
1.056679999999999200e+04
1.093089999999999054e+04
1.010929999999999927e+04
1.084159999999999127e+04
1.031959999999999491e+04
1.097019999999998981e+04
1.037729999999999563e+04
1.041319999999999345e+04
1.028989999999999600e+04
1.080559999999998945e+04
1.076529999999999200e+04
1.054499999999999454e+04
1.040789999999999418e+04
1.057389999999999236e+04
1.053529999999999200e+04
1.032189999999999600e+04
1.014989999999999782e+04
1.056959999999999127e+04
1.048859999999999309e+04
1.032339999999999600e+04
1.005039999999999964e+04
1.047979999999999200e+04
1.042859999999999491e+04
1.081809999999999127e+04
1.118389999999998872e+04
1.064189999999999054e+04
1.069869999999999527e+04
1.045789999999999236e+04
1.052719999999999163e+04
1.110179999999998654e+04
1.040299999999999454e+04
1.063989999999999236e+04
1.059189999999999418e+04
1.049789999999999054e+04
1.057269999999999345e+04
1.066989999999999418e+04
1.077159999999999127e+04
1.029989999999999600e+04
1.032529999999999382e+04
1.015810000000000036e+04
1.062979999999999563e+04
1.037929999999999382e+04
1.040609999999999309e+04
1.093739999999998872e+04
1.023789999999999600e+04
1.064439999999999236e+04
1.024699999999999454e+04
1.034919999999999345e+04
1.028929999999999563e+04
1.042709999999999673e+04
1.050459999999999309e+04
1.069469999999999163e+04
1.040959999999999491e+04
1.035689999999999782e+04
1.088099999999999091e+04
1.038329999999999563e+04
1.038329999999999382e+04
1.041439999999999782e+04
1.051299999999999454e+04
1.105529999999998654e+04
1.062899999999999272e+04
1.034189999999999782e+04
1.035359999999999673e+04
1.056619999999999345e+04
1.054189999999999236e+04
1.015329999999999745e+04
1.092389999999999054e+04
1.041189999999999600e+04
1.064299999999999272e+04
1.072389999999999236e+04
1.048389999999999236e+04
1.025329999999999745e+04
1.036559999999999491e+04
1.064949999999999454e+04
1.020759999999999491e+04
1.061789999999999418e+04
1.049789999999999418e+04
1.076529999999999018e+04
1.053099999999999272e+04
1.052329999999999018e+04
1.028789999999999600e+04
1.031959999999999673e+04
1.023329999999999382e+04
1.080559999999999127e+04
1.062269999999999345e+04
1.118359999999998581e+04
1.094989999999999054e+04
1.052499999999999272e+04
1.064489999999999054e+04
1.065239999999999418e+04
1.033079999999999563e+04
1.066639999999999054e+04
1.040839999999999600e+04
1.094069999999998618e+04
1.053899999999999454e+04
1.054389999999999236e+04
1.055989999999999600e+04
1.042559999999999309e+04
1.049529999999999200e+04
1.015699999999999818e+04
1.020349999999999818e+04
1.051269999999999163e+04
1.084959999999998763e+04
1.078869999999998799e+04
1.064959999999999491e+04
1.040589999999999418e+04
1.043579999999999563e+04
1.068639999999999236e+04
1.042759999999999491e+04
1.047759999999999127e+04
1.085589999999999054e+04
1.063189999999999418e+04
1.064759999999999127e+04
1.047959999999999309e+04
1.036359999999999673e+04
1.042729999999999200e+04
1.102269999999999163e+04
1.065389999999998872e+04
1.071189999999999236e+04
1.040389999999999418e+04
1.066389999999999054e+04
1.052589999999999236e+04
1.067589999999999054e+04
1.102499999999999091e+04
1.034989999999999418e+04
1.050959999999999491e+04
1.041589999999999418e+04
1.076989999999999054e+04
1.074329999999999200e+04
1.040489999999999600e+04
1.084159999999998945e+04
1.052799999999999454e+04
1.045639999999999418e+04
1.069179999999999200e+04
1.068349999999999091e+04
1.072959999999999127e+04
1.072389999999999054e+04
1.078159999999999127e+04
1.059129999999999018e+04
1.105759999999998581e+04
1.060589999999999054e+04
1.091099999999998909e+04
1.055469999999999163e+04
1.062989999999999418e+04
1.071789999999999236e+04
1.086069999999999163e+04
1.060679999999999200e+04
1.073159999999998945e+04
1.072869999999999163e+04
1.053259999999999673e+04
1.070329999999999382e+04
1.067389999999999054e+04
1.085269999999998981e+04
1.071789999999999236e+04
1.070899999999999091e+04
1.073589999999999236e+04
1.067989999999999418e+04
1.053159999999999309e+04
1.055389999999999236e+04
1.056189999999999418e+04
1.052189999999999236e+04
1.049159999999999673e+04
1.037149999999999636e+04
1.046069999999999163e+04
1.065409999999999491e+04
1.049639999999999236e+04
1.070659999999999127e+04
1.053269999999999345e+04
1.099729999999999200e+04
1.082159999999999127e+04
1.051809999999999127e+04
1.119689999999998508e+04
1.063099999999999091e+04
1.060609999999999491e+04
1.063989999999999236e+04
1.079959999999999127e+04
1.058099999999999454e+04
1.100359999999998581e+04
1.083959999999999127e+04
1.050959999999999491e+04
1.092759999999998945e+04
1.064789999999999054e+04
1.067759999999999309e+04
1.083929999999999018e+04
1.088379999999999018e+04
1.081189999999998872e+04
1.095989999999998690e+04
1.089559999999999127e+04
1.092889999999998872e+04
1.073389999999999236e+04
1.051719999999999345e+04
1.048469999999999163e+04
1.100989999999999054e+04
1.045929999999999200e+04
1.032759999999999673e+04
1.047669999999999163e+04
1.087729999999999018e+04
1.067659999999998945e+04
1.078129999999999200e+04
1.083759999999999127e+04
1.065389999999999236e+04
1.051869999999999527e+04
1.076729999999999018e+04
1.069139999999999418e+04
1.049789999999999418e+04
1.070789999999999054e+04
1.092389999999999236e+04
1.074729999999999018e+04
1.062789999999999418e+04
1.060359999999999491e+04
1.088529999999999018e+04
1.065989999999999236e+04
1.081789999999999236e+04
1.049499999999999272e+04
1.084129999999999018e+04
1.073239999999999054e+04
1.057589999999999600e+04
1.070919999999999345e+04
1.066799999999999091e+04
1.077059999999999127e+04
1.056529999999999382e+04
1.018199999999999818e+04
1.025589999999999600e+04
1.065969999999999345e+04
1.103789999999998872e+04
1.061959999999999309e+04
1.057599999999999272e+04
1.047119999999999345e+04
1.061669999999999163e+04
1.041269999999999709e+04
1.087189999999999054e+04
1.079689999999999054e+04
1.073849999999999454e+04
1.073389999999998872e+04
1.073159999999999127e+04
1.099079999999999018e+04
1.085589999999999236e+04
1.100269999999998436e+04
1.080389999999998872e+04
1.093359999999998945e+04
1.091389999999999054e+04
1.056189999999999236e+04
1.088559999999998945e+04
1.091529999999999018e+04
1.110129999999998836e+04
1.035189999999999600e+04
1.092559999999999127e+04
1.077589999999999054e+04
1.044649999999999454e+04
1.060209999999999309e+04
1.069639999999999418e+04
1.077159999999998945e+04
1.067369999999999345e+04
1.060559999999999309e+04
1.093189999999998872e+04
1.102269999999999163e+04
1.058529999999999382e+04
1.059159999999999309e+04
1.065889999999998872e+04
1.068759999999999127e+04
1.063469999999999163e+04
1.091159999999999127e+04
1.047309999999999127e+04
1.084749999999999272e+04
1.052959999999999309e+04
1.082249999999999091e+04
1.109389999999998508e+04
1.090299999999999091e+04
1.068959999999999127e+04
1.086389999999999054e+04
1.073809999999999127e+04
1.080989999999998872e+04
1.085589999999999054e+04
1.053589999999999418e+04
1.067589999999999054e+04
1.051209999999999309e+04
1.076149999999999272e+04
1.088689999999998872e+04
1.070249999999999454e+04
1.070789999999999236e+04
1.069069999999999527e+04
1.082789999999998872e+04
1.062039999999999054e+04
1.117589999999998690e+04
1.087159999999998945e+04
1.056809999999999127e+04
1.088329999999999018e+04
1.071389999999999418e+04
1.092179999999999018e+04
1.110589999999998508e+04
1.043189999999999418e+04
1.083589999999998872e+04
1.078389999999999054e+04
1.068189999999999418e+04
1.079329999999999018e+04
1.058589999999999418e+04
1.065949999999999272e+04
1.080589999999999054e+04
1.064369999999999345e+04
1.089359999999998945e+04
1.068959999999998945e+04
1.067979999999999018e+04
1.070439999999999054e+04
1.086939999999999236e+04
1.063699999999999272e+04
1.065989999999999054e+04
1.078669999999998981e+04
1.066299999999999272e+04
1.060959999999999491e+04
1.062329999999999563e+04
1.052159999999999309e+04
1.074469999999999163e+04
1.082469999999998981e+04
1.079659999999998945e+04
1.039469999999999709e+04
1.074809999999999309e+04
1.066249999999999272e+04
1.109159999999998763e+04
1.075589999999999054e+04
1.067039999999999054e+04
1.071359999999999309e+04
1.081789999999999054e+04
1.086099999999999091e+04
1.075589999999999054e+04
1.067009999999998945e+04
1.065359999999999491e+04
1.105869999999998618e+04
1.068909999999999309e+04
1.082589999999998872e+04
1.059779999999999200e+04
1.052899999999999091e+04
1.079789999999999054e+04
1.050699999999999454e+04
1.076959999999998945e+04
1.091729999999999018e+04
1.069389999999999236e+04
1.057069999999998981e+04
1.091059999999999127e+04
1.086289999999999054e+04
1.034099999999999454e+04
1.068089999999999054e+04
1.083479999999999018e+04
1.074189999999999054e+04
1.075989999999999054e+04
1.087899999999999091e+04
1.073989999999998872e+04
1.086189999999998872e+04
1.073569999999998981e+04
1.075189999999999054e+04
1.078949999999999091e+04
1.074989999999999054e+04
1.058589999999999236e+04
1.063759999999999309e+04
1.086959999999998945e+04
1.058289999999999236e+04
1.085999999999999091e+04
1.087629999999999200e+04
1.067749999999999454e+04
1.098289999999999054e+04
1.054589999999999236e+04
1.100269999999999163e+04
1.073409999999999127e+04
1.080179999999999018e+04
1.126469999999998799e+04
1.112269999999998618e+04
1.074589999999999054e+04
1.091159999999998945e+04
1.060189999999999236e+04
1.070559999999999127e+04
1.075589999999999054e+04
1.069759999999999491e+04
1.091719999999999163e+04
1.065589999999999236e+04
1.092709999999998945e+04
1.088099999999998909e+04
1.077559999999999309e+04
1.072379999999999382e+04
1.071179999999999200e+04
1.086409999999999127e+04
1.116499999999998545e+04
1.087349999999999272e+04
1.123409999999998763e+04
1.076989999999999054e+04
1.085049999999998909e+04
1.084589999999999054e+04
1.069209999999998945e+04
1.098949999999998727e+04
1.076209999999999127e+04
1.080789999999999054e+04
1.081839999999999054e+04
1.061809999999999673e+04
1.077359999999999309e+04
1.103329999999998472e+04
1.076869999999999163e+04
1.075959999999998945e+04
1.079409999999999127e+04
1.097829999999999018e+04
1.085359999999999127e+04
1.091329999999999018e+04
1.103929999999999018e+04
1.100209999999999127e+04
1.096189999999999054e+04
1.073759999999998945e+04
1.105109999999998945e+04
1.087389999999998872e+04
1.064559999999999309e+04
1.092589999999999054e+04
1.087699999999998909e+04
1.075129999999999382e+04
1.100739999999998690e+04
1.084669999999999163e+04
1.072389999999999418e+04
1.084519999999998981e+04
1.096899999999999091e+04
1.109269999999998618e+04
1.083559999999998945e+04
1.095959999999999127e+04
1.067549999999999272e+04
1.101589999999999054e+04
1.093329999999999382e+04
1.098189999999999054e+04
1.090989999999998872e+04
1.101159999999998945e+04
1.078189999999998872e+04
1.100499999999999091e+04
1.077559999999999127e+04
1.064919999999999345e+04
1.107579999999999200e+04
1.083349999999999091e+04
1.098029999999999200e+04
1.092809999999999309e+04
1.093329999999998836e+04
1.093059999999999127e+04
1.092349999999999091e+04
1.100129999999999018e+04
1.111349999999998727e+04
1.079449999999999091e+04
1.051299999999999272e+04
1.102929999999999018e+04
1.073589999999998872e+04
1.094759999999999127e+04
1.086029999999999200e+04
1.086329999999999200e+04
1.091069999999998981e+04
1.081559999999999127e+04
1.085329999999999018e+04
1.090299999999999091e+04
1.063209999999999127e+04
1.073719999999999163e+04
1.112589999999998508e+04
1.102699999999999091e+04
1.094209999999999127e+04
1.116439999999998690e+04
1.082039999999999054e+04
1.070899999999999272e+04
1.079469999999998981e+04
1.100289999999999054e+04
1.096499999999999091e+04
1.100159999999998945e+04
1.085529999999999018e+04
1.068729999999999018e+04
1.081289999999998872e+04
1.092499999999999091e+04
1.098529999999999200e+04
1.093959999999998945e+04
1.089329999999999018e+04
1.102059999999998945e+04
1.103749999999999091e+04
1.062439999999999236e+04
1.075469999999999527e+04
1.085259999999998945e+04
1.094959999999998945e+04
1.084559999999998945e+04
1.105529999999999018e+04
1.054389999999999418e+04
1.118779999999998654e+04
1.105759999999999127e+04
1.101159999999998945e+04
1.092259999999999127e+04
1.073189999999999418e+04
1.096889999999998872e+04
1.108269999999999163e+04
1.097689999999999236e+04
1.076869999999999527e+04
1.080669999999998981e+04
1.090529999999999018e+04
1.081809999999999127e+04
1.104359999999999127e+04
1.100689999999999054e+04
1.050099999999999272e+04
1.102009999999999127e+04
1.071419999999999163e+04
1.071259999999999309e+04
1.107489999999998508e+04
1.102359999999999127e+04
1.100829999999999018e+04
1.097029999999999018e+04
1.102719999999998981e+04
1.109359999999998945e+04
1.084989999999998872e+04
1.110989999999998690e+04
1.093589999999999054e+04
1.078669999999999163e+04
1.109599999999998727e+04
1.082359999999999127e+04
1.094789999999999054e+04
1.100979999999999018e+04
1.106899999999998909e+04
1.118929999999998472e+04
1.104309999999998945e+04
1.075789999999999054e+04
1.101789999999999054e+04
1.096269999999998981e+04
1.077359999999998945e+04
1.096329999999999018e+04
1.130389999999998872e+04
1.113389999999998690e+04
1.098299999999998545e+04
1.062529999999999200e+04
1.070669999999999345e+04
1.082389999999999236e+04
1.094839999999999054e+04
1.104239999999999054e+04
1.123589999999998508e+04
1.102959999999998763e+04
1.089169999999998981e+04
1.087889999999999054e+04
1.103859999999999127e+04
1.116299999999998545e+04
1.104329999999998654e+04
1.113959999999998581e+04
1.115359999999998399e+04
1.119189999999998690e+04
1.101129999999999018e+04
1.083499999999999091e+04
1.100259999999998945e+04
1.123499999999998727e+04
1.094699999999999091e+04
1.116189999999998690e+04
1.084269999999999163e+04
1.105329999999999018e+04
1.111209999999999127e+04
1.109169999999999163e+04
1.111109999999998581e+04
1.105259999999999127e+04
1.102699999999999091e+04
1.098909999999999127e+04
1.075219999999998981e+04
1.110719999999998618e+04
1.094559999999998945e+04
1.106419999999999163e+04
1.090919999999999163e+04
1.106529999999999200e+04
1.097779999999999200e+04
1.079539999999999054e+04
1.097679999999999200e+04
1.106589999999999054e+04
1.105639999999998872e+04
1.098489999999999054e+04
1.101719999999999163e+04
1.095999999999999091e+04
1.099389999999999054e+04
1.092439999999999418e+04
1.102899999999998545e+04
1.086969999999999163e+04
1.087529999999999018e+04
1.093899999999999091e+04
1.096559999999999127e+04
1.098529999999999018e+04
1.129329999999998654e+04
1.097609999999999127e+04
1.060949999999999454e+04
1.098179999999999200e+04
1.114729999999998654e+04
1.084139999999999054e+04
1.111529999999998836e+04
1.109499999999999091e+04
1.074839999999999236e+04
1.099389999999999054e+04
1.109039999999999054e+04
1.097789999999998690e+04
1.100469999999998981e+04
1.098429999999999018e+04
1.105759999999998581e+04
1.087459999999998945e+04
1.112499999999998545e+04
1.101229999999998836e+04
1.102959999999999127e+04
1.104509999999998945e+04
1.122899999999998727e+04
1.081609999999998945e+04
1.094229999999998472e+04
1.101409999999998945e+04
1.061529999999999382e+04
1.113899999999998545e+04
1.107989999999998872e+04
1.094989999999998872e+04
1.116299999999998545e+04
1.129529999999998836e+04
1.099609999999999127e+04
1.101469999999998981e+04
1.093769999999999163e+04
1.110209999999998945e+04
1.102939999999999236e+04
1.109729999999998654e+04
1.114409999999998945e+04
1.091639999999999054e+04
1.066899999999999272e+04
1.105899999999998909e+04
1.112179999999998836e+04
1.120429999999998472e+04
1.100729999999999018e+04
1.121469999999998436e+04
1.073359999999999309e+04
1.104589999999999236e+04
1.112669999999998618e+04
1.112299999999998545e+04
1.096699999999999091e+04
1.093729999999999018e+04
1.097499999999999091e+04
1.115869999999998618e+04
1.118559999999998399e+04
1.108039999999999054e+04
1.107529999999999018e+04
1.094379999999998654e+04
1.104089999999999054e+04
1.093389999999999236e+04
1.079749999999999091e+04
1.114599999999998545e+04
1.097869999999999163e+04
1.119389999999998508e+04
1.107789999999998872e+04
1.090689999999999054e+04
1.102759999999998945e+04
1.116639999999998508e+04
1.090719999999998981e+04
1.119219999999998799e+04
1.116239999999998872e+04
1.110359999999998763e+04
1.118189999999998508e+04
1.115139999999998508e+04
1.117989999999998508e+04
1.101389999999998872e+04
1.094499999999998909e+04
1.106759999999999127e+04
1.092299999999999091e+04
1.094989999999998872e+04
1.082489999999998872e+04
1.110189999999998690e+04
1.124589999999998690e+04
1.120389999999998508e+04
1.112529999999999018e+04
1.088289999999999054e+04
1.094979999999999018e+04
1.111079999999998654e+04
1.114209999999998581e+04
1.105799999999999091e+04
1.107909999999999127e+04
1.110029999999998836e+04
1.091299999999999091e+04
1.100359999999998945e+04
1.095129999999999200e+04
1.104759999999999127e+04
1.104789999999999054e+04
1.106179999999999200e+04
1.094789999999998872e+04
1.102239999999999236e+04
1.107869999999998981e+04
1.113239999999998690e+04
1.096009999999998945e+04
1.107279999999998654e+04
1.108389999999999054e+04
1.116189999999998690e+04
1.131069999999998799e+04
1.106389999999999054e+04
1.090699999999999091e+04
1.103589999999999054e+04
1.104189999999998690e+04
1.109189999999998872e+04
1.089259999999999127e+04
1.129989999999998690e+04
1.109959999999999127e+04
1.125559999999998581e+04
1.125189999999998690e+04
1.081189999999998872e+04
1.104249999999999272e+04
1.103639999999999054e+04
1.106089999999998690e+04
1.128899999999998909e+04
1.107159999999998945e+04
1.115529999999998654e+04
1.118729999999998654e+04
1.112359999999998581e+04
1.118299999999998545e+04
1.108589999999998690e+04
1.112589999999999054e+04
1.112269999999998981e+04
1.101359999999999127e+04
1.085589999999999054e+04
1.120939999999998508e+04
1.099759999999998945e+04
1.091379999999999200e+04
1.095269999999998981e+04
1.120279999999998654e+04
1.111199999999999272e+04
1.119199999999998545e+04
1.110089999999999054e+04
1.104989999999999054e+04
1.097989999999998872e+04
1.080529999999999200e+04
1.120389999999998508e+04
1.084499999999999091e+04
1.094329999999998836e+04
1.118329999999998472e+04
1.113459999999998581e+04
1.114929999999998472e+04
1.127989999999998690e+04
1.091989999999999054e+04
1.124729999999998654e+04
1.109239999999999054e+04
1.097499999999999091e+04
1.124669999999998618e+04
1.119389999999998508e+04
1.109749999999998545e+04
1.110439999999998690e+04
1.116099999999998727e+04
1.127959999999998581e+04
1.101789999999999236e+04
1.124589999999998690e+04
1.112159999999998399e+04
1.121989999999998508e+04
1.113759999999998581e+04
1.125389999999998690e+04
1.106749999999999091e+04
1.105499999999998909e+04
1.104889999999999054e+04
1.118389999999998690e+04
1.116189999999998690e+04
1.117859999999998399e+04
1.134299999999998909e+04
1.118159999999998581e+04
1.099999999999999091e+04
1.125789999999998508e+04
1.115989999999998690e+04
1.107299999999998545e+04
1.109379999999998654e+04
1.114759999999998581e+04
1.114189999999998872e+04
1.095809999999998945e+04
1.089589999999999054e+04
1.120979999999998654e+04
1.101699999999999091e+04
1.122009999999998581e+04
1.059159999999999673e+04
1.120919999999998436e+04
1.109469999999998618e+04
1.118189999999998508e+04
1.108559999999998581e+04
1.119589999999998690e+04
1.129129999999998654e+04
1.121159999999998581e+04
1.114989999999998690e+04
1.114789999999998690e+04
1.116959999999998399e+04
1.110499999999998545e+04
1.093989999999998872e+04
1.109189999999999054e+04
1.119389999999998508e+04
1.103879999999999200e+04
1.112809999999998581e+04
1.125989999999998690e+04
1.111529999999998836e+04
1.111869999999998618e+04
1.114719999999998618e+04
1.130299999999998727e+04
1.120189999999998872e+04
1.121389999999998690e+04
1.107759999999998945e+04
1.115469999999998618e+04
1.101189999999999054e+04
1.121869999999998436e+04
1.108809999999999127e+04
1.111009999999998945e+04
1.130389999999998690e+04
1.129159999999998763e+04
1.114899999999998727e+04
1.108099999999998909e+04
1.108189999999999054e+04
1.120389999999998690e+04
1.120559999999998581e+04
1.121389999999998508e+04
1.115749999999998545e+04
1.123559999999998581e+04
1.101729999999999018e+04
1.117069999999998618e+04
1.118069999999998799e+04
1.102989999999999054e+04
1.110589999999999054e+04
1.123989999999998690e+04
1.101959999999998945e+04
1.099159999999999127e+04
1.112589999999998872e+04
1.132489999999998872e+04
1.119429999999998472e+04
1.117529999999998654e+04
1.116909999999998399e+04
1.121139999999998508e+04
1.084869999999999163e+04
1.118919999999998799e+04
1.095599999999999091e+04
1.109749999999999091e+04
1.123079999999998654e+04
1.130729999999998836e+04
1.120499999999998545e+04
1.126069999999998799e+04
1.117939999999998690e+04
1.124719999999998799e+04
1.120109999999998581e+04
1.113499999999998545e+04
1.106929999999999018e+04
1.110289999999998690e+04
1.110639999999998872e+04
1.109869999999998981e+04
1.113729999999999018e+04
1.121489999999998872e+04
1.113189999999998690e+04
1.117519999999998436e+04
1.105359999999998945e+04
1.113499999999998909e+04
1.134189999999998872e+04
1.119299999999998545e+04
1.114589999999998872e+04
1.098699999999999091e+04
1.117409999999998581e+04
1.111959999999999127e+04
1.123129999999998472e+04
1.109929999999999018e+04
1.115839999999998690e+04
1.123509999999998581e+04
1.100959999999998945e+04
1.124219999999998799e+04
1.112559999999998945e+04
1.131989999999998690e+04
1.125189999999998872e+04
1.107529999999999018e+04
1.120759999999998581e+04
1.119729999999998472e+04
1.112529999999999018e+04
1.116499999999998545e+04
1.120729999999998654e+04
1.074359999999999309e+04
1.131989999999998872e+04
1.120009999999998581e+04
1.128279999999998836e+04
1.128189999999998872e+04
1.119669999999998436e+04
1.133899999999998909e+04
1.103669999999999163e+04
1.132129999999998836e+04
1.130329999999998654e+04
1.116299999999998545e+04
1.080139999999999236e+04
1.114189999999998508e+04
1.113519999999998981e+04
1.092189999999999054e+04
1.132159999999998945e+04
1.130639999999998872e+04
1.089959999999999309e+04
1.106699999999999091e+04
1.111529999999998654e+04
1.111469999999998981e+04
1.129519999999998799e+04
1.096149999999999091e+04
1.107409999999999127e+04
1.119159999999998581e+04
1.130789999999998872e+04
1.086559999999998945e+04
1.113959999999998763e+04
1.125989999999998508e+04
1.134759999999998945e+04
1.107559999999999127e+04
1.114759999999998581e+04
1.107989999999999054e+04
1.113759999999998945e+04
1.128299999999998545e+04
1.102529999999998472e+04
1.115589999999998508e+04
1.112329999999998472e+04
1.117789999999998690e+04
1.127329999999998654e+04
1.132159999999998763e+04
1.114129999999998836e+04
1.096499999999998909e+04
1.095899999999999091e+04
1.119729999999998654e+04
1.110529999999999018e+04
1.128069999999998799e+04
1.131559999999998763e+04
1.121499999999998545e+04
1.124899999999998727e+04
1.126789999999998508e+04
1.116499999999998727e+04
1.126929999999998836e+04
1.128689999999998872e+04
1.111349999999998545e+04
1.125729999999998472e+04
1.117589999999998690e+04
1.110759999999998945e+04
1.110109999999999127e+04
1.126809999999998763e+04
1.100759999999998945e+04
1.115009999999998581e+04
1.128929999999998836e+04
1.108779999999999018e+04
1.116579999999998836e+04
1.116389999999998508e+04
1.101839999999998872e+04
1.118389999999998508e+04
1.125329999999998654e+04
1.108409999999998945e+04
1.110289999999998690e+04
1.094299999999999091e+04
1.118869999999998618e+04
1.128159999999998763e+04
1.131929999999998836e+04
1.130499999999998909e+04
1.098359999999998945e+04
1.114759999999998945e+04
1.126929999999998654e+04
1.119159999999998399e+04
1.111369999999998981e+04
1.113679999999998654e+04
1.109059999999998945e+04
1.113529999999998836e+04
1.107189999999999054e+04
1.119529999999998472e+04
1.117869999999998618e+04
1.109529999999999018e+04
1.121099999999998545e+04
1.126359999999998581e+04
1.128169999999998799e+04
1.122389999999998690e+04
1.108899999999999091e+04
1.109359999999998945e+04
1.114559999999998945e+04
1.112359999999998945e+04
1.115389999999998690e+04
1.123009999999998581e+04
1.121759999999998399e+04
1.119759999999998581e+04
1.122159999999998581e+04
1.118759999999998399e+04
1.114809999999998763e+04
1.121609999999998581e+04
1.114639999999998690e+04
1.119699999999998545e+04
1.116349999999998545e+04
1.118789999999998508e+04
1.104029999999999018e+04
1.114129999999998472e+04
1.111489999999999236e+04
1.126759999999998763e+04
1.115189999999998690e+04
1.127759999999998763e+04
1.113559999999998581e+04
1.128519999999998618e+04
1.129929999999998654e+04
1.127129999999998654e+04
1.121329999999998472e+04
1.122499999999998363e+04
1.119729999999998472e+04
1.118589999999998690e+04
1.120329999999998472e+04
1.110159999999998945e+04
1.136699999999998727e+04
1.115499999999998545e+04
1.127959999999998763e+04
1.130359999999998763e+04
1.118499999999998727e+04
1.121469999999998799e+04
1.126389999999998508e+04
1.118899999999998545e+04
1.133559999999998581e+04
1.123979999999998654e+04
1.126729999999998836e+04
1.107759999999999127e+04
1.119189999999998508e+04
1.115699999999998727e+04
1.114729999999998654e+04
1.132869999999998799e+04
1.126159999999998763e+04
1.117529999999998472e+04
1.118159999999998399e+04
1.123729999999998654e+04
1.115299999999998727e+04
1.118249999999998545e+04
1.128119999999998618e+04
1.106759999999998945e+04
1.117299999999998545e+04
1.119209999999998763e+04
1.120439999999998690e+04
1.139439999999998690e+04
1.127839999999998508e+04
1.099129999999999018e+04
1.128359999999998581e+04
1.117389999999998690e+04
1.126239999999998508e+04
1.108559999999998945e+04
1.123749999999998545e+04
1.135039999999998690e+04
1.111489999999999054e+04
1.135589999999998690e+04
1.134329999999998836e+04
1.125789999999998508e+04
1.131929999999998836e+04
1.123239999999998690e+04
1.121729999999998654e+04
1.114079999999998836e+04
1.116959999999998581e+04
1.115559999999998581e+04
1.109039999999999236e+04
1.120529999999998472e+04
1.130439999999998872e+04
1.112329999999999018e+04
1.131139999999998872e+04
1.103589999999999054e+04
1.120459999999998763e+04
1.119059999999998763e+04
1.132129999999998836e+04
1.130669999999998799e+04
1.114979999999998654e+04
1.124119999999998618e+04
1.111749999999999091e+04
1.120429999999998836e+04
1.116099999999998727e+04
1.136779999999998836e+04
1.123359999999998581e+04
1.130529999999998836e+04
1.121299999999998545e+04
1.122359999999998763e+04
1.106789999999999054e+04
1.106129999999999018e+04
1.131899999999998909e+04
1.099299999999999091e+04
1.127569999999998981e+04
1.117869999999998436e+04
1.112779999999999018e+04
1.134389999999998690e+04
1.129129999999998836e+04
1.131899999999998909e+04
1.129729999999998836e+04
1.133959999999998763e+04
1.129699999999998727e+04
1.122099999999998545e+04
1.121499999999998727e+04
1.130959999999998763e+04
1.128169999999998618e+04
1.131099999999998909e+04
1.099499999999999091e+04
1.132199999999998909e+04
1.124899999999998545e+04
1.121059999999998581e+04
1.104939999999999054e+04
1.121039999999998690e+04
1.109639999999999054e+04
1.134269999999998981e+04
1.123789999999998508e+04
1.122099999999998545e+04
1.134189999999998690e+04
1.122989999999998508e+04
1.121469999999998618e+04
1.132159999999998763e+04
1.110879999999999018e+04
1.117679999999998472e+04
1.124389999999998508e+04
1.111269999999998799e+04
1.119819999999998618e+04
1.122179999999998472e+04
1.128529999999998836e+04
1.136899999999998909e+04
1.101669999999998981e+04
1.112699999999999091e+04
1.138099999999998727e+04
1.119159999999998763e+04
1.117529999999998654e+04
1.119099999999998545e+04
1.134299999999998909e+04
1.118869999999998436e+04
1.107979999999999018e+04
1.119269999999998618e+04
1.129499999999998727e+04
1.129899999999998727e+04
1.134329999999998836e+04
1.117989999999998690e+04
1.129899999999999091e+04
1.129589999999998872e+04
1.121589999999998508e+04
1.129359999999998581e+04
1.119719999999998436e+04
1.136989999999998690e+04
1.133429999999998836e+04
1.118069999999998436e+04
1.118329999999998472e+04
1.116209999999998581e+04
1.126319999999998799e+04
1.132389999999998872e+04
1.125389999999998508e+04
1.133659999999998945e+04
1.129389999999998690e+04
1.116559999999998399e+04
1.129559999999998581e+04
1.130699999999998545e+04
1.130559999999998763e+04
1.123129999999998836e+04
1.117559999999998581e+04
1.135189999999998872e+04
1.119769999999998618e+04
1.125359999999998763e+04
1.085829999999998836e+04
1.120709999999998763e+04
1.127379999999998836e+04
1.129789999999998690e+04
1.118529999999998654e+04
1.133469999999998799e+04
1.127959999999998763e+04
1.118729999999998654e+04
1.138159999999998763e+04
1.127529999999998836e+04
1.132189999999998690e+04
1.132959999999998763e+04
1.132869999999998799e+04
1.116989999999998508e+04
1.119589999999998508e+04
1.131189999999998872e+04
1.128299999999998727e+04
1.132559999999998763e+04
1.128809999999998945e+04
1.128589999999998690e+04
1.128329999999998836e+04
1.117189999999998690e+04
1.130589999999998690e+04
1.125469999999998618e+04
1.132589999999998872e+04
1.130559999999998763e+04
1.115329999999999018e+04
1.122179999999998472e+04
1.133269999999998799e+04
1.119569999999998618e+04
1.135299999999998909e+04
1.127889999999998872e+04
1.112129999999999018e+04
1.131929999999998836e+04
1.130069999999998799e+04
1.123759999999998581e+04
1.114979999999998654e+04
1.118499999999998727e+04
1.126659999999998581e+04
1.130789999999998690e+04
1.129159999999998763e+04
1.113949999999999091e+04
1.131629999999998836e+04
1.122189999999998508e+04
1.127759999999998763e+04
1.129359999999998581e+04
1.119429999999998654e+04
1.128559999999998945e+04
1.130559999999998763e+04
1.126989999999998690e+04
1.109799999999999091e+04
1.130729999999999018e+04
1.133559999999998763e+04
1.129899999999998727e+04
1.123669999999998436e+04
1.121989999999998508e+04
1.128249999999998727e+04
1.130129999999998836e+04
1.129779999999998654e+04
1.118559999999998581e+04
1.134989999999998690e+04
1.122639999999998690e+04
1.132759999999998763e+04
1.124389999999998690e+04
1.120589999999998690e+04
1.130589999999998690e+04
1.134039999999998872e+04
1.123129999999998472e+04
1.101959999999998945e+04
1.131639999999999054e+04
1.121559999999998581e+04
1.128289999999998690e+04
1.120649999999998727e+04
1.125019999999998618e+04
1.103979999999999018e+04
1.114499999999998909e+04
1.133099999999998727e+04
1.117759999999998581e+04
1.120389999999998508e+04
1.119559999999998763e+04
1.136609999999998763e+04
1.130859999999998763e+04
1.128369999999998618e+04
1.122359999999998399e+04
1.117099999999998727e+04
1.132499999999998909e+04
1.131239999999998872e+04
1.120649999999998727e+04
1.132529999999998836e+04
1.122589999999998508e+04
1.121669999999998618e+04
1.134789999999998690e+04
1.124159999999998581e+04
1.135399999999998545e+04
1.127529999999998836e+04
1.125059999999998763e+04
1.125129999999998472e+04
1.133059999999998763e+04
1.124009999999998763e+04
1.133069999999998799e+04
1.115239999999998690e+04
1.128859999999998945e+04
1.118499999999998727e+04
1.116589999999999054e+04
1.130699999999999091e+04
1.117129999999998472e+04
1.131099999999998909e+04
1.110839999999999054e+04
1.130529999999998836e+04
1.132009999999998945e+04
1.124519999999998618e+04
1.124759999999998399e+04
1.128649999999998545e+04
1.110119999999999163e+04
1.133189999999998872e+04
1.123559999999998763e+04
1.131759999999998763e+04
1.074869999999999163e+04
1.125139999999998508e+04
1.113319999999998618e+04
1.128309999999998763e+04
1.122759999999998581e+04
1.129729999999998836e+04
1.111699999999998909e+04
1.122589999999998690e+04
1.129099999999998727e+04
1.127389999999998508e+04
1.127509999999998581e+04
1.125699999999998727e+04
1.132759999999998763e+04
1.124929999999998654e+04
1.123129999999998472e+04
1.121359999999998399e+04
1.122729999999998472e+04
1.133929999999998654e+04
1.124929999999998654e+04
1.130359999999998763e+04
1.113529999999999018e+04
1.125789999999998508e+04
1.132869999999998981e+04
1.129789999999998872e+04
1.129669999999998799e+04
1.127129999999998654e+04
1.129699999999998727e+04
1.117299999999998727e+04
1.124989999999998872e+04
1.127669999999998618e+04
1.116129999999998654e+04
1.122189999999998508e+04
1.130899999999998909e+04
1.133329999999998836e+04
1.130129999999998654e+04
1.126759999999998581e+04
1.126559999999998581e+04
1.126759999999998763e+04
1.136729999999998654e+04
1.113159999999998581e+04
1.125559999999998581e+04
1.132589999999998872e+04
1.128899999999998909e+04
1.127899999999998909e+04
1.126129999999998472e+04
1.127299999999998909e+04
1.114269999999998981e+04
1.128129999999998654e+04
1.127159999999998763e+04
1.133299999999998727e+04
1.127559999999998581e+04
1.138959999999998581e+04
1.127359999999998581e+04
1.121359999999998581e+04
1.129929999999998836e+04
1.113359999999998581e+04
1.131409999999998945e+04
1.129789999999998690e+04
1.116359999999998581e+04
1.129129999999998836e+04
1.134929999999998836e+04
1.123729999999998472e+04
1.135329999999998836e+04
1.127809999999998763e+04
1.125189999999998690e+04
1.129189999999998690e+04
1.134729999999998654e+04
1.106759999999999127e+04
1.123299999999998545e+04
1.121129999999998654e+04
1.130299999999998909e+04
1.132789999999998690e+04
1.134209999999998945e+04
1.130729999999998836e+04
1.128499999999998727e+04
1.128219999999998618e+04
1.131099999999998727e+04
1.129189999999998690e+04
1.130189999999998690e+04
1.133699999999998727e+04
1.133529999999998836e+04
1.132189999999998690e+04
1.132439999999998872e+04
1.122989999999998508e+04
1.132469999999998799e+04
1.107359999999998399e+04
1.123999999999998545e+04
1.126699999999998909e+04
1.127299999999999091e+04
1.135129999999999018e+04
1.137609999999998763e+04
1.127129999999998472e+04
1.133589999999998872e+04
1.132929999999999018e+04
1.136529999999998654e+04
1.134189999999998872e+04
1.130779999999998836e+04
1.123589999999998508e+04
1.132989999999998690e+04
1.127559999999998763e+04
1.120349999999998545e+04
1.138159999999998581e+04
1.132729999999999018e+04
1.137359999999998763e+04
1.132959999999998763e+04
1.126699999999998545e+04
1.128189999999998508e+04
1.132649999999998727e+04
1.136359999999998763e+04
1.135919999999998981e+04
1.136359999999998763e+04
1.133129999999999018e+04
1.131529999999998836e+04
1.131429999999998836e+04
1.131359999999998945e+04
1.135529999999998654e+04
1.129869999999998981e+04
1.132439999999998872e+04
1.123439999999998690e+04
1.130469999999998618e+04
1.135529999999998836e+04
1.114329999999998836e+04
1.130929999999998654e+04
1.125339999999998508e+04
1.124659999999998581e+04
1.136389999999998690e+04
1.138299999999998727e+04
1.129699999999998727e+04
1.130659999999998945e+04
1.132959999999998763e+04
1.129409999999998763e+04
1.135159999999998763e+04
1.131729999999998836e+04
1.129159999999998763e+04
1.129189999999998872e+04
1.121499999999998545e+04
1.130989999999998872e+04
1.127139999999998872e+04
1.127129999999998836e+04
1.124199999999998545e+04
1.132759999999998763e+04
1.129759999999998581e+04
1.127499999999998727e+04
1.137759999999998763e+04
1.137239999999998690e+04
1.131469999999998981e+04
1.130299999999998909e+04
1.129989999999998872e+04
1.136639999999998690e+04
1.126359999999998581e+04
1.131469999999998799e+04
1.131729999999998654e+04
1.123729999999998654e+04
1.111389999999999054e+04
1.121259999999998581e+04
1.137389999999998690e+04
1.135899999999998909e+04
1.136389999999998690e+04
1.130559999999998763e+04
1.127759999999998763e+04
1.128189999999998508e+04
1.138499999999998727e+04
1.128339999999998690e+04
1.127389999999998508e+04
1.133789999999998872e+04
1.138789999999998690e+04
1.133189999999998872e+04
1.132989999999998690e+04
1.128499999999998727e+04
1.105839999999999054e+04
1.135329999999998836e+04
1.128729999999998654e+04
1.133359999999998763e+04
1.126589999999998872e+04
1.115329999999998654e+04
1.137389999999998690e+04
1.139789999999998690e+04
1.102159999999998945e+04
1.131259999999998945e+04
1.135989999999998690e+04
1.131899999999998727e+04
1.136989999999998690e+04
1.131759999999998763e+04
1.136729999999998836e+04
1.134699999999998727e+04
1.128219999999998618e+04
1.124159999999998581e+04
1.137579999999998654e+04
1.134189999999998690e+04
1.132469999999998981e+04
1.131929999999998654e+04
1.134499999999998909e+04
1.112299999999998909e+04
1.129899999999998727e+04
1.134529999999998654e+04
1.126699999999998727e+04
1.107529999999999018e+04
1.119159999999998763e+04
1.137359999999998763e+04
1.136069999999998799e+04
1.138929999999998836e+04
1.110329999999998836e+04
1.129039999999998872e+04
1.133189999999998872e+04
1.134489999999998690e+04
1.135529999999998836e+04
1.123609999999998581e+04
1.136499999999998909e+04
1.137359999999998763e+04
1.136389999999998690e+04
1.134699999999998909e+04
1.124789999999998872e+04
1.121559999999998763e+04
1.124639999999998690e+04
1.138529999999998654e+04
1.132929999999998836e+04
1.126789999999998508e+04
1.129989999999998690e+04
1.134359999999998763e+04
1.123929999999998472e+04
1.133159999999998763e+04
1.132759999999998763e+04
1.125519999999998618e+04
1.136129999999998836e+04
1.136299999999998727e+04
1.135359999999998763e+04
1.129559999999998581e+04
1.128729999999998654e+04
1.130989999999998690e+04
1.136929999999998654e+04
1.131529999999998836e+04
1.135959999999998763e+04
1.130929999999998836e+04
1.133159999999998763e+04
1.131759999999998763e+04
1.134789999999998872e+04
1.131159999999998763e+04
1.133989999999998872e+04
1.121359999999998581e+04
1.131789999999998872e+04
1.133389999999998872e+04
1.133789999999998872e+04
1.131699999999998727e+04
1.123929999999998472e+04
1.134299999999998909e+04
1.130959999999998763e+04
1.125759999999998581e+04
1.124759999999998399e+04
1.123959999999998581e+04
1.132159999999998763e+04
1.128559999999998763e+04
1.131959999999998945e+04
1.134539999999998872e+04
1.127059999999998581e+04
1.133329999999998836e+04
1.133929999999998654e+04
1.135759999999998763e+04
1.129529999999998836e+04
1.129789999999998690e+04
1.129469999999998618e+04
1.126679999999998836e+04
1.135359999999998763e+04
1.131389999999998690e+04
1.134759999999998763e+04
1.135789999999998690e+04
1.133589999999998872e+04
1.132359999999998945e+04
1.130499999999998727e+04
1.131789999999998872e+04
1.133589999999998872e+04
1.129559999999998763e+04
1.137529999999998836e+04
1.133759999999998763e+04
1.133759999999998763e+04
1.135389999999998872e+04
1.119499999999998727e+04
1.136789999999998690e+04
1.117789999999998690e+04
1.125959999999998763e+04
1.129529999999998654e+04
1.132089999999998690e+04
1.127089999999998690e+04
1.136329999999998654e+04
1.130309999999998945e+04
1.131389999999998690e+04
1.127329999999998472e+04
1.125919999999998799e+04
1.129269999999998799e+04
1.136789999999998690e+04
1.136959999999998763e+04
1.118669999999998799e+04
1.100939999999998872e+04
1.137359999999998763e+04
1.137029999999998654e+04
1.136359999999998763e+04
1.135809999999998945e+04
1.131129999999999018e+04
1.132129999999998836e+04
1.132699999999998727e+04
1.132959999999998763e+04
1.125929999999998836e+04
1.129949999999998545e+04
1.135329999999998836e+04
1.132929999999998836e+04
1.094959999999998945e+04
1.126529999999998836e+04
1.118039999999998690e+04
1.134499999999998909e+04
1.128399999999998727e+04
1.127189999999998690e+04
1.135979999999998836e+04
1.131729999999998836e+04
1.132099999999998727e+04
1.134889999999998872e+04
1.138629999999998654e+04
1.137239999999998690e+04
1.135139999999998690e+04
1.131389999999998690e+04
1.137379999999998836e+04
1.138869999999998799e+04
1.139359999999998581e+04
1.139329999999998654e+04
1.135899999999998909e+04
1.134939999999998690e+04
1.137989999999998690e+04
1.137499999999998727e+04
1.127059999999998581e+04
1.131219999999998799e+04
1.130929999999998836e+04
1.131529999999998654e+04
1.122159999999998581e+04
1.132929999999998836e+04
1.137959999999998581e+04
1.133389999999998872e+04
1.135359999999998763e+04
1.129589999999998690e+04
1.132329999999998836e+04
1.122789999999998690e+04
1.134689999999998690e+04
1.138159999999998763e+04
1.138559999999998763e+04
1.136559999999998763e+04
1.135959999999998763e+04
1.125359999999998581e+04
1.135389999999998690e+04
1.109639999999999054e+04
1.128759999999998581e+04
1.131959999999998763e+04
1.137389999999998690e+04
1.138929999999998654e+04
1.136789999999998690e+04
1.139789999999998690e+04
1.135589999999998690e+04
1.137759999999998763e+04
1.137329999999998654e+04
1.111179999999999018e+04
1.130589999999998690e+04
1.136529999999998654e+04
1.136299999999998727e+04
1.132689999999998872e+04
1.137669999999998799e+04
1.131069999999998799e+04
1.132189999999998690e+04
1.131009999999998763e+04
1.132589999999998872e+04
1.134379999999998836e+04
1.137489999999998690e+04
1.138239999999998872e+04
1.135529999999998836e+04
1.138359999999998763e+04
1.129959999999998581e+04
1.137989999999998690e+04
1.139329999999998654e+04
1.132289999999998872e+04
1.137379999999998836e+04
1.138299999999998727e+04
1.135989999999998690e+04
1.135959999999998763e+04
1.137269999999998981e+04
1.134989999999998872e+04
1.132299999999999091e+04
1.137299999999998727e+04
1.128989999999998690e+04
1.130299999999998727e+04
1.136389999999998690e+04
1.133669999999998981e+04
1.136789999999998690e+04
1.134789999999998872e+04
1.115589999999998690e+04
1.133269999999998799e+04
1.130189999999998690e+04
1.111499999999999091e+04
1.137359999999998763e+04
1.138129999999998836e+04
1.136759999999998763e+04
1.137729999999998654e+04
1.138929999999998654e+04
1.133389999999998872e+04
1.137359999999998763e+04
1.126789999999998508e+04
1.134729999999998836e+04
1.134559999999998945e+04
1.138389999999998690e+04
1.131329999999998836e+04
1.097299999999999091e+04
1.122239999999998690e+04
1.139469999999998618e+04
1.135099999999998909e+04
1.138759999999998581e+04
1.136989999999998690e+04
1.137979999999998654e+04
1.138039999999998690e+04
1.127189999999998690e+04
1.134439999999999054e+04
1.135009999999998763e+04
1.137959999999998763e+04
1.138789999999998690e+04
1.139729999999998654e+04
1.138189999999998690e+04
1.132229999999998836e+04
1.138289999999998690e+04
1.138189999999998690e+04
1.136589999999998690e+04
1.137759999999998581e+04
1.130559999999998581e+04
1.133889999999998872e+04
1.139189999999998690e+04
1.132529999999998654e+04
1.112349999999999091e+04
1.135929999999998654e+04
1.136789999999998690e+04
1.136119999999998618e+04
1.125499999999998545e+04
1.135789999999998690e+04
1.136129999999998836e+04
1.137389999999998690e+04
1.138869999999998618e+04
1.117789999999998690e+04
1.109459999999999127e+04
1.133759999999998581e+04
1.115329999999999018e+04
1.131899999999998727e+04
1.138989999999998690e+04
1.138729999999998654e+04
1.135189999999998872e+04
1.139729999999998654e+04
1.133659999999998763e+04
1.137559999999998581e+04
1.137759999999998581e+04
1.137559999999998763e+04
1.136589999999998690e+04
1.136159999999998763e+04
1.132789999999998872e+04
1.122959999999998581e+04
1.137759999999998581e+04
1.128659999999998763e+04
1.133159999999998945e+04
1.133989999999998690e+04
1.132929999999998836e+04
1.134539999999999054e+04
1.137659999999998763e+04
1.128299999999998909e+04
1.136729999999998836e+04
1.127129999999998472e+04
1.135189999999998690e+04
1.138929999999998836e+04
1.136959999999998763e+04
1.135189999999998690e+04
1.118929999999998654e+04
1.131319999999998799e+04
1.137189999999998690e+04
1.136559999999998945e+04
1.119959999999998399e+04
1.138559999999998763e+04
1.137389999999998690e+04
1.139129999999998654e+04
1.134299999999998727e+04
1.135359999999998763e+04
1.136159999999998581e+04
1.134889999999998690e+04
1.136959999999998763e+04
1.129839999999998690e+04
1.134789999999998690e+04
1.133899999999998727e+04
1.137929999999998836e+04
1.131189999999998872e+04
1.137869999999998618e+04
1.136989999999998690e+04
1.134929999999998836e+04
1.133839999999998872e+04
1.139759999999998581e+04
1.136759999999998581e+04
1.128559999999998581e+04
1.126989999999998690e+04
1.128089999999998690e+04
1.135129999999998654e+04
1.136389999999998690e+04
1.136189999999998690e+04
1.121989999999998690e+04
1.135759999999998763e+04
1.135209999999998945e+04
1.135589999999998690e+04
1.130419999999998799e+04
1.138329999999998836e+04
1.136989999999998690e+04
1.137299999999998909e+04
1.130329999999998836e+04
1.133959999999998763e+04
1.134069999999998981e+04
1.136559999999998763e+04
1.136849999999998727e+04
1.131439999999998690e+04
1.132959999999998763e+04
1.137759999999998581e+04
1.136209999999998763e+04
1.136989999999998690e+04
1.114589999999998690e+04
1.139789999999998690e+04
1.125159999999998581e+04
1.133209999999998945e+04
1.133189999999998872e+04
1.137699999999998727e+04
1.138469999999998799e+04
1.137359999999998581e+04
1.137299999999998727e+04
1.139359999999998581e+04
1.138129999999998654e+04
1.136499999999998909e+04
1.135229999999998654e+04
1.139529999999998654e+04
1.135189999999998872e+04
1.139469999999998618e+04
1.135209999999998763e+04
1.139439999999998690e+04
1.128469999999998981e+04
1.134559999999998763e+04
1.134929999999998836e+04
1.137299999999998545e+04
1.115639999999998872e+04
1.139469999999998618e+04
1.135409999999998763e+04
1.135559999999998763e+04
1.136789999999998690e+04
1.138499999999998909e+04
1.138759999999998581e+04
1.134359999999998945e+04
1.136389999999998690e+04
1.131319999999998799e+04
1.130189999999998690e+04
1.134189999999998690e+04
1.138529999999998654e+04
1.136359999999998763e+04
1.137759999999998581e+04
1.138589999999998690e+04
1.138159999999998581e+04
1.135989999999998872e+04
1.127789999999998690e+04
1.128869999999998436e+04
1.138099999999998727e+04
1.132929999999998836e+04
1.138809999999998763e+04
1.137099999999998727e+04
1.137729999999998654e+04
1.135269999999998799e+04
1.125219999999998981e+04
1.124959999999998399e+04
1.135129999999998836e+04
1.135299999999998909e+04
1.139159999999998581e+04
1.132529999999998836e+04
1.136159999999998763e+04
1.136559999999998945e+04
1.138389999999998690e+04
1.132189999999998690e+04
1.138559999999998763e+04
1.130619999999998799e+04
1.136559999999998763e+04
1.138929999999998654e+04
1.122929999999998836e+04
1.135959999999998763e+04
1.117969999999998799e+04
1.129929999999998654e+04
1.134029999999998654e+04
1.132359999999998763e+04
1.134609999999998763e+04
1.133929999999998836e+04
1.121889999999998508e+04
1.138059999999998581e+04
1.136159999999998763e+04
1.133129999999998836e+04
1.135529999999998654e+04
1.136159999999998763e+04
1.138589999999998690e+04
1.137959999999998763e+04
1.136189999999998872e+04
1.131199999999998909e+04
1.137009999999998763e+04
1.135389999999998690e+04
1.135729999999998836e+04
1.134899999999998727e+04
1.135729999999998836e+04
1.137239999999998872e+04
1.110209999999999127e+04
1.133189999999998872e+04
1.138359999999998763e+04
1.138389999999998690e+04
1.138759999999998763e+04
1.139789999999998690e+04
1.138159999999998581e+04
1.133359999999998763e+04
1.132959999999998763e+04
1.136129999999998654e+04
1.138329999999998654e+04
1.130989999999998690e+04
1.133759999999998763e+04
1.136569999999998618e+04
1.136289999999998690e+04
1.136759999999998763e+04
1.134159999999998763e+04
1.138959999999998581e+04
1.132899999999998909e+04
1.130409999999998763e+04
1.131359999999998763e+04
1.131899999999998727e+04
1.130929999999998654e+04
1.138069999999998618e+04
1.130859999999998763e+04
1.137259999999998763e+04
1.135989999999998690e+04
1.136559999999998763e+04
1.134899999999998909e+04
1.133259999999998763e+04
1.133989999999998872e+04
1.133609999999998763e+04
1.129959999999998763e+04
1.137469999999998618e+04
1.137239999999998690e+04
1.131339999999998690e+04
1.138379999999998654e+04
1.137929999999998836e+04
1.135789999999998690e+04
1.127699999999998727e+04
1.136589999999998690e+04
1.132869999999998981e+04
1.138959999999998581e+04
1.138559999999998763e+04
1.137589999999998690e+04
1.134929999999998836e+04
1.138639999999998690e+04
1.135929999999998654e+04
1.138789999999998690e+04
1.132959999999998763e+04
1.138959999999998763e+04
1.134789999999998690e+04
1.138659999999998763e+04
1.137699999999998727e+04
1.136559999999998763e+04
1.131439999999998872e+04
1.133919999999998799e+04
1.134759999999998763e+04
1.123419999999998618e+04
1.134929999999998654e+04
1.136559999999998763e+04
1.133559999999998763e+04
1.129229999999998836e+04
1.136929999999998836e+04
1.129009999999998581e+04
1.131869999999998981e+04
1.127939999999998508e+04
1.135789999999998872e+04
1.134299999999998909e+04
1.136329999999998836e+04
1.127729999999998654e+04
1.135699999999998909e+04
1.136069999999998799e+04
1.136889999999998690e+04
1.135189999999998872e+04
1.137329999999998654e+04
1.131159999999998763e+04
1.138989999999998690e+04
1.129069999999998799e+04
1.138759999999998581e+04
1.123639999999998508e+04
1.139129999999998654e+04
1.124359999999998399e+04
1.135389999999998690e+04
1.132489999999998872e+04
1.129789999999998690e+04
1.133859999999998763e+04
1.131999999999998727e+04
1.129929999999998836e+04
1.138269999999998799e+04
1.137899999999998909e+04
1.137729999999998836e+04
1.135899999999998909e+04
1.134529999999998654e+04
1.137789999999998690e+04
1.132359999999998763e+04
1.134989999999998872e+04
1.135099999999998727e+04
1.136659999999998763e+04
1.135389999999998872e+04
1.134989999999998872e+04
1.135989999999998872e+04
1.135439999999998872e+04
1.135789999999998690e+04
1.134219999999998799e+04
1.122499999999998545e+04
1.136389999999998690e+04
1.138529999999998654e+04
1.133959999999998763e+04
1.122889999999998508e+04
1.131959999999998763e+04
1.135389999999998690e+04
1.136989999999998690e+04
1.131989999999998690e+04
1.136929999999998654e+04
1.134329999999998836e+04
1.134789999999998872e+04
1.136129999999998654e+04
1.135829999999998654e+04
1.132729999999998836e+04
1.124809999999998763e+04
1.128759999999998763e+04
1.138499999999998727e+04
1.139669999999998618e+04
1.135589999999998872e+04
1.136439999999998690e+04
1.137159999999998763e+04
1.132679999999998836e+04
1.134159999999998763e+04
1.137729999999998654e+04
1.135669999999998618e+04
1.138129999999998654e+04
1.134389999999998872e+04
1.138989999999998690e+04
1.136189999999998690e+04
1.135089999999998690e+04
1.131759999999998763e+04
1.121749999999998545e+04
1.124989999999998690e+04
1.130789999999998690e+04
1.138379999999998836e+04
1.136989999999998690e+04
1.121809999999998581e+04
1.139639999999998690e+04
1.131359999999998581e+04
1.139299999999998727e+04
1.138669999999998618e+04
1.134949999999998909e+04
1.139759999999998581e+04
1.139669999999998618e+04
1.138469999999998618e+04
1.138559999999998581e+04
1.120959999999998399e+04
1.135679999999998836e+04
1.139189999999998690e+04
1.138929999999998654e+04
1.136789999999998690e+04
1.139579999999998836e+04
1.137209999999998763e+04
1.138359999999998581e+04
1.139759999999998763e+04
1.135559999999998763e+04
1.139729999999998654e+04
1.139299999999998545e+04
1.132759999999998581e+04
1.136529999999998654e+04
1.139119999999998618e+04
1.136219999999998799e+04
1.137759999999998763e+04
1.133729999999998836e+04
1.137189999999998690e+04
1.134429999999998654e+04
1.138989999999998690e+04
1.138099999999998727e+04
1.126959999999998581e+04
1.127709999999998763e+04
1.137929999999998654e+04
1.139359999999998581e+04
1.138499999999998727e+04
1.137359999999998581e+04
1.134589999999998690e+04
1.138349999999998545e+04
1.130009999999998945e+04
1.135049999999999091e+04
1.130629999999999018e+04
1.132999999999998909e+04
1.138889999999998690e+04
1.135629999999998654e+04
1.135989999999998690e+04
1.125639999999998508e+04
1.138489999999998690e+04
1.136729999999998836e+04
1.134359999999998763e+04
1.118949999999998727e+04
1.137759999999998581e+04
1.135669999999998799e+04
1.139729999999998654e+04
1.135839999999998872e+04
1.136099999999998909e+04
1.136939999999998872e+04
1.138959999999998581e+04
1.133439999999998872e+04
1.136119999999998799e+04
1.136789999999998690e+04
1.134789999999998872e+04
1.138989999999998690e+04
1.136499999999998727e+04
1.135419999999998981e+04
1.132399999999998727e+04
1.136849999999998727e+04
1.136469999999998981e+04
1.136259999999998763e+04
1.135669999999998618e+04
1.131919999999998981e+04
1.138899999999998727e+04
1.139669999999998799e+04
1.126959999999998581e+04
1.137159999999998763e+04
1.139729999999998654e+04
1.129949999999998727e+04
1.135929999999998654e+04
1.139669999999998618e+04
1.133549999999998727e+04
1.139589999999998690e+04
1.130529999999998654e+04
1.134559999999998763e+04
1.134449999999998909e+04
1.138359999999998763e+04
1.133189999999998872e+04
1.138329999999998836e+04
1.134589999999998690e+04
1.139789999999998690e+04
1.139669999999998618e+04
1.127989999999998690e+04
1.137269999999998618e+04
1.125669999999998618e+04
1.133929999999998836e+04
1.132389999999998690e+04
1.131889999999998690e+04
1.139529999999998654e+04
1.136789999999998690e+04
1.136269999999998618e+04
1.136069999999998799e+04
1.134149999999998909e+04
1.136159999999998945e+04
1.139759999999998581e+04
1.129129999999998654e+04
1.129789999999998690e+04
1.134179999999998836e+04
1.139729999999998654e+04
1.136589999999998690e+04
1.139609999999998945e+04
1.135559999999998763e+04
1.137829999999998654e+04
1.135869999999998981e+04
1.139669999999998618e+04
1.138699999999998727e+04
1.136989999999998690e+04
1.139669999999998618e+04
1.138789999999998690e+04
1.132899999999998909e+04
1.098129999999998654e+04
1.135529999999998836e+04
1.138619999999998799e+04
1.136909999999998763e+04
1.136159999999998763e+04
1.139759999999998581e+04
1.134099999999998727e+04
1.131159999999998763e+04
1.136129999999999018e+04
1.133989999999998872e+04
1.139159999999998581e+04
1.137469999999998618e+04
1.134989999999998690e+04
1.136659999999998763e+04
1.127559999999998763e+04
1.139729999999998836e+04
1.137989999999998690e+04
1.135259999999998763e+04
1.138539999999998690e+04
1.133529999999998654e+04
1.138389999999998690e+04
1.139089999999998690e+04
1.139559999999998581e+04
1.139729999999998654e+04
1.136589999999998872e+04
1.128389999999998508e+04
1.139759999999998581e+04
1.132249999999998909e+04
1.132729999999998654e+04
1.131209999999998945e+04
1.138589999999998690e+04
1.137879999999998836e+04
1.133779999999998654e+04
1.136739999999998690e+04
1.135889999999999054e+04
1.112159999999999127e+04
1.133519999999998981e+04
1.136739999999998872e+04
1.129699999999998909e+04
1.131199999999998727e+04
1.134569999999998981e+04
1.136169999999998799e+04
1.138159999999998581e+04
1.138759999999998945e+04
1.131359999999998763e+04
1.129579999999998654e+04
1.139559999999998581e+04
1.136259999999998581e+04
1.132559999999998763e+04
1.129759999999998763e+04
1.136389999999998690e+04
1.139759999999998581e+04
1.138959999999998581e+04
1.135559999999998763e+04
1.135809999999998763e+04
1.126269999999998436e+04
1.121729999999998836e+04
1.134359999999998763e+04
1.139529999999998654e+04
1.139359999999998581e+04
1.131189999999998690e+04
1.135759999999998763e+04
1.135729999999998836e+04
1.128989999999998508e+04
1.136789999999998690e+04
1.137159999999998581e+04
1.133329999999998836e+04
1.138359999999998763e+04
1.135189999999998872e+04
1.139699999999998727e+04
1.139329999999998654e+04
1.139559999999998581e+04
1.135559999999998763e+04
1.137129999999998654e+04
1.138159999999998763e+04
1.139789999999998690e+04
1.133729999999998836e+04
1.139729999999998654e+04
1.137359999999998763e+04
1.136359999999998763e+04
1.129849999999999091e+04
1.135389999999998690e+04
1.132199999999998727e+04
1.138959999999998763e+04
1.134629999999998654e+04
1.139609999999998763e+04
1.134549999999998909e+04
1.124029999999998472e+04
1.139729999999998836e+04
1.139299999999998545e+04
1.137329999999998654e+04
1.136839999999998872e+04
1.135669999999998981e+04
1.138359999999998763e+04
1.128059999999998763e+04
1.136929999999998654e+04
1.139729999999998654e+04
1.132499999999998727e+04
1.136529999999998836e+04
1.134629999999998836e+04
1.139209999999998581e+04
1.138989999999998690e+04
1.139429999999998654e+04
1.139729999999998654e+04
1.139759999999998581e+04
1.139759999999998763e+04
1.139789999999998690e+04
1.133719999999998799e+04
1.135809999999998581e+04
1.132759999999998763e+04
1.139759999999998581e+04
1.137209999999998763e+04
1.139759999999998581e+04
1.136989999999998690e+04
1.137789999999998690e+04
1.137789999999998690e+04
1.129529999999998654e+04
1.138379999999998836e+04
1.137559999999998763e+04
1.135359999999998581e+04
1.137559999999998581e+04
1.134449999999998727e+04
1.136959999999998763e+04
1.136589999999998690e+04
1.129099999999998545e+04
1.137669999999998618e+04
1.121749999999998909e+04
1.139729999999998654e+04
1.137959999999998763e+04
1.136759999999998763e+04
1.131789999999998690e+04
1.136159999999998763e+04
1.137159999999998763e+04
1.137989999999998690e+04
1.137099999999998727e+04
1.134229999999998836e+04
1.136959999999998763e+04
1.137869999999998799e+04
1.138159999999998763e+04
1.135559999999998763e+04
1.130169999999998618e+04
1.136989999999998690e+04
1.136149999999998909e+04
1.136839999999998508e+04
1.137749999999998909e+04
1.136799999999998727e+04
1.137609999999998581e+04
1.134319999999998618e+04
1.135589999999998872e+04
1.139349999999998727e+04
1.139789999999998690e+04
1.137649999999998727e+04
1.136159999999998763e+04
1.136589999999998690e+04
1.139669999999998618e+04
1.138519999999998799e+04
1.134529999999998836e+04
1.134809999999998945e+04
1.130529999999998836e+04
1.137549999999998545e+04
1.135459999999998763e+04
1.134159999999998763e+04
1.136929999999998836e+04
1.139589999999998690e+04
1.139729999999998654e+04
1.138189999999998690e+04
1.133789999999998872e+04
1.098779999999999018e+04
1.135949999999998909e+04
1.139189999999998690e+04
1.139759999999998763e+04
1.139129999999998654e+04
1.137989999999998690e+04
1.138639999999998690e+04
1.139159999999998581e+04
1.131429999999998836e+04
1.134499999999998727e+04
1.129229999999998836e+04
1.132989999999998872e+04
1.132559999999998763e+04
1.134479999999998836e+04
1.139759999999998581e+04
1.136589999999998872e+04
1.137589999999998690e+04
1.137359999999998763e+04
1.136159999999998763e+04
1.132989999999998872e+04
1.138239999999998690e+04
1.135499999999998727e+04
1.110159999999999127e+04
1.139789999999998690e+04
1.138719999999998618e+04
1.135169999999998799e+04
1.139489999999998690e+04
1.136789999999998690e+04
1.133729999999999018e+04
1.136589999999998872e+04
1.139729999999998654e+04
1.124189999999998690e+04
1.137189999999998690e+04
1.136439999999998872e+04
1.135499999999998909e+04
1.139729999999998654e+04
1.139729999999998654e+04
1.131439999999998872e+04
1.134789999999998690e+04
1.138589999999998690e+04
1.138589999999998690e+04
1.137559999999998581e+04
1.139759999999998763e+04
1.138779999999998654e+04
1.138329999999998836e+04
1.139359999999998581e+04
1.139589999999998690e+04
1.132559999999998763e+04
1.115759999999998945e+04
1.135789999999998690e+04
1.113149999999998545e+04
1.138359999999998763e+04
1.138559999999998763e+04
1.137589999999998690e+04
1.136529999999998836e+04
1.135699999999998909e+04
1.138129999999998836e+04
1.133959999999998763e+04
1.137329999999998836e+04
1.137699999999998727e+04
1.132699999999998727e+04
1.137359999999998581e+04
1.136909999999998581e+04
1.136159999999998581e+04
1.137299999999998909e+04
1.132529999999998654e+04
1.135529999999998654e+04
1.136639999999998690e+04
1.139129999999998654e+04
1.139579999999998654e+04
1.139489999999998690e+04
1.135589999999998690e+04
1.139549999999998545e+04
1.135589999999998690e+04
1.136559999999998763e+04
1.139789999999998690e+04
1.135929999999998836e+04
1.139489999999998690e+04
1.136839999999998690e+04
1.139129999999998654e+04
1.135899999999998727e+04
1.129999999999998909e+04
1.136529999999998836e+04
1.133789999999998872e+04
1.138099999999998727e+04
1.132159999999998763e+04
1.138959999999998763e+04
1.138899999999998727e+04
1.138329999999998654e+04
1.131019999999998799e+04
1.136519999999998799e+04
1.134919999999998799e+04
1.128829999999998654e+04
1.129979999999998654e+04
1.138929999999998654e+04
1.139759999999998581e+04
1.137929999999998654e+04
1.134299999999998909e+04
1.139729999999998654e+04
1.138159999999998763e+04
1.137729999999998654e+04
1.135359999999998945e+04
1.135929999999998654e+04
1.128559999999998581e+04
1.132259999999998763e+04
1.137189999999998690e+04
1.137669999999998981e+04
1.139759999999998581e+04
1.132059999999998945e+04
1.136219999999998618e+04
1.137759999999998763e+04
1.138499999999998727e+04
1.139759999999998581e+04
1.138929999999998654e+04
1.138989999999998690e+04
1.137609999999998763e+04
1.132879999999999018e+04
1.135219999999998799e+04
1.135299999999998727e+04
1.128299999999998727e+04
1.133119999999998799e+04
1.133359999999998763e+04
1.137989999999998690e+04
1.134529999999998836e+04
1.126469999999998799e+04
1.137789999999998690e+04
1.126639999999998508e+04
1.139699999999998545e+04
1.135169999999998618e+04
1.135589999999998690e+04
1.139759999999998581e+04
1.134679999999998836e+04
1.139759999999998763e+04
1.132989999999998872e+04
1.139729999999998654e+04
1.128459999999998581e+04
1.133429999999998836e+04
1.133729999999999018e+04
1.135609999999998763e+04
1.132999999999998727e+04
1.139789999999998690e+04
1.138589999999998690e+04
1.134389999999998872e+04
1.139789999999998690e+04
1.135359999999998763e+04
1.139499999999998727e+04
1.136129999999998654e+04
1.138499999999998727e+04
1.136059999999998763e+04
1.134269999999998799e+04
1.138359999999998763e+04
1.139759999999998581e+04
1.134549999999998909e+04
1.136609999999998763e+04
1.136789999999998690e+04
1.139729999999998654e+04
1.137409999999998581e+04
1.131189999999998690e+04
1.135159999999998763e+04
1.125859999999998763e+04
1.131659999999998945e+04
1.139759999999998763e+04
1.139729999999998654e+04
1.138959999999998581e+04
1.135809999999998945e+04
1.136859999999998945e+04
1.115759999999999127e+04
1.139559999999998581e+04
1.134189999999998690e+04
1.139729999999998654e+04
1.139699999999998727e+04
1.137359999999998581e+04
1.139099999999998727e+04
1.139729999999998654e+04
1.139759999999998581e+04
1.137489999999998872e+04
1.139789999999998690e+04
1.139789999999998690e+04
1.137359999999998581e+04
1.129989999999998690e+04
1.138929999999998654e+04
1.132329999999998836e+04
1.128279999999998654e+04
1.128959999999998763e+04
1.138949999999998727e+04
1.136669999999998799e+04
1.128829999999998472e+04
1.139579999999998836e+04
1.137429999999998836e+04
1.139699999999998727e+04
1.136759999999998763e+04
1.139579999999998654e+04
1.132869999999998799e+04
1.125489999999998508e+04
1.139639999999998690e+04
1.135799999999998727e+04
1.135069999999998618e+04
1.135699999999998909e+04
1.137789999999998690e+04
1.135729999999998654e+04
1.139429999999998654e+04
1.139729999999998654e+04
1.139639999999998872e+04
1.135269999999998799e+04
1.138959999999998581e+04
1.134089999999998872e+04
1.132389999999998872e+04
1.112309999999998763e+04
1.136809999999998763e+04
1.139789999999998690e+04
1.137529999999998654e+04
1.137389999999998872e+04
1.130789999999998872e+04
1.137759999999998581e+04
1.137789999999998690e+04
1.135919999999998799e+04
1.139329999999998654e+04
1.138609999999998763e+04
1.138559999999998763e+04
1.132899999999998909e+04
1.128029999999998472e+04
1.134839999999998872e+04
1.128559999999998581e+04
1.137889999999998690e+04
1.132029999999999018e+04
1.139729999999998654e+04
1.137139999999998690e+04
1.139759999999998581e+04
1.137389999999998690e+04
1.138989999999998690e+04
1.137329999999998836e+04
1.139669999999998618e+04
1.139609999999998763e+04
1.135529999999998654e+04
1.136899999999998545e+04
1.138629999999998654e+04
1.139789999999998690e+04
1.136159999999998763e+04
1.136559999999998581e+04
1.136189999999998690e+04
1.137039999999998690e+04
1.138899999999998545e+04
1.139789999999998690e+04
1.134929999999998836e+04
1.132529999999998654e+04
1.135299999999998727e+04
1.139069999999998799e+04
1.138389999999998690e+04
1.134849999999998727e+04
1.130419999999998618e+04
1.127709999999998763e+04
1.133059999999998763e+04
1.139129999999998654e+04
1.138589999999998690e+04
1.139759999999998581e+04
1.139009999999998763e+04
1.138529999999998836e+04
1.138929999999998654e+04
1.137869999999998799e+04
1.131299999999998909e+04
1.133359999999998763e+04
1.131569999999998618e+04
1.133559999999998763e+04
1.139699999999998909e+04
1.135299999999998727e+04
1.136199999999998545e+04
1.139379999999998836e+04
1.138439999999998690e+04
1.132699999999998909e+04
1.136129999999998836e+04
1.139069999999998618e+04
1.134159999999998763e+04
1.139099999999998727e+04
1.139399999999998727e+04
1.132909999999998945e+04
1.134229999999998654e+04
1.139519999999998799e+04
