3.295600000000001273e+03
7.547599999999993088e+03
1.910800000000002683e+03
3.119199999999998454e+03
5.690399999999991451e+03
6.293999999999988177e+03
7.563599999999993088e+03
6.401599999999990359e+03
7.215999999999992724e+03
7.029199999999993452e+03
8.852799999999995634e+03
1.001000000000000000e+04
1.180439999999999964e+04
1.177239999999999964e+04
1.216439999999999782e+04
1.236039999999999600e+04
1.264399999999999636e+04
1.205999999999999636e+04
1.283839999999999782e+04
1.253439999999999600e+04
1.254879999999999563e+04
1.264799999999999636e+04
1.260439999999999600e+04
1.271039999999999600e+04
1.289039999999999782e+04
1.287039999999999782e+04
1.318160000000000036e+04
1.260439999999999600e+04
1.292639999999999964e+04
1.283039999999999782e+04
1.273039999999999600e+04
1.370680000000000291e+04
1.358200000000000546e+04
1.321120000000000437e+04
1.335000000000000364e+04
1.407320000000000437e+04
1.393400000000000364e+04
1.380800000000000364e+04
1.316240000000000327e+04
1.363400000000000364e+04
1.376800000000000364e+04
1.324840000000000327e+04
1.371200000000000364e+04
1.352000000000000182e+04
1.317800000000000364e+04
1.379600000000000364e+04
1.336800000000000182e+04
1.342400000000000182e+04
1.365000000000000182e+04
1.345400000000000364e+04
1.250800000000000182e+04
1.170000000000000546e+04
1.306400000000000364e+04
1.280800000000000182e+04
1.327800000000000182e+04
1.297800000000000546e+04
1.304800000000000364e+04
1.307400000000000364e+04
1.329600000000000364e+04
1.326800000000000364e+04
1.214199999999999818e+04
1.279000000000000364e+04
1.291200000000000546e+04
1.337800000000000364e+04
1.317400000000000364e+04
1.325400000000000364e+04
1.329800000000000364e+04
1.245800000000000546e+04
1.300600000000000546e+04
1.301400000000000364e+04
1.315120000000000255e+04
1.351280000000000473e+04
1.288360000000000764e+04
1.275320000000000437e+04
1.303720000000000618e+04
1.280680000000000109e+04
1.261600000000000364e+04
1.403040000000000327e+04
1.311480000000000109e+04
1.265880000000000655e+04
1.347480000000000291e+04
1.295160000000000218e+04
1.323680000000000473e+04
1.370160000000000400e+04
1.338440000000000146e+04
1.282440000000000327e+04
1.285760000000000400e+04
1.303039999999999782e+04
1.303360000000000036e+04
1.355840000000000509e+04
1.282440000000000509e+04
1.398280000000000473e+04
1.302479999999999745e+04
1.282320000000000618e+04
1.202280000000000291e+04
1.242080000000000473e+04
1.264760000000000400e+04
1.342400000000000182e+04
1.295800000000000000e+04
1.292280000000000109e+04
1.274800000000000000e+04
1.281760000000000036e+04
1.250840000000000146e+04
1.325960000000000400e+04
1.341560000000000036e+04
1.323120000000000255e+04
1.265160000000000400e+04
1.342920000000000437e+04
1.340160000000000218e+04
1.330080000000000291e+04
1.345920000000000255e+04
1.379839999999999964e+04
1.379880000000000291e+04
1.327160000000000582e+04
1.335400000000000000e+04
1.247199999999999818e+04
1.371280000000000109e+04
1.295600000000000182e+04
1.312600000000000546e+04
1.318640000000000327e+04
1.344800000000000182e+04
1.430520000000000255e+04
1.324360000000000218e+04
1.311720000000000255e+04
1.325160000000000218e+04
1.315880000000000473e+04
1.402360000000000400e+04
1.388200000000000000e+04
1.352520000000000073e+04
1.349440000000000327e+04
1.334320000000000073e+04
1.285800000000000000e+04
1.339640000000000146e+04
1.329480000000000109e+04
1.332960000000000400e+04
1.380440000000000327e+04
1.364040000000000146e+04
1.326160000000000218e+04
1.340000000000000182e+04
1.331840000000000509e+04
1.378960000000000218e+04
1.324800000000000364e+04
1.365160000000000218e+04
1.295600000000000364e+04
1.325360000000000400e+04
1.361079999999999927e+04
1.300839999999999782e+04
1.320760000000000218e+04
1.317600000000000364e+04
1.388160000000000218e+04
1.356240000000000146e+04
1.334840000000000327e+04
1.333960000000000036e+04
1.365520000000000255e+04
1.384160000000000218e+04
1.323200000000000182e+04
1.352600000000000182e+04
1.400360000000000582e+04
1.378840000000000509e+04
1.312720000000000437e+04
1.301080000000000109e+04
1.282200000000000546e+04
1.387840000000000327e+04
1.247400000000000364e+04
1.352440000000000327e+04
1.318280000000000291e+04
1.298960000000000946e+04
1.465200000000000546e+04
1.399640000000000691e+04
1.408880000000000655e+04
1.362280000000000291e+04
1.331000000000000728e+04
1.425640000000000509e+04
1.325840000000001055e+04
1.411960000000000946e+04
1.363640000000000873e+04
1.301400000000000909e+04
1.392880000000000655e+04
1.384320000000000800e+04
1.334880000000000837e+04
1.415960000000000582e+04
1.394560000000000946e+04
1.389520000000000800e+04
1.394520000000000618e+04
1.388080000000000837e+04
1.361560000000000582e+04
1.370400000000000909e+04
1.415120000000000618e+04
1.387280000000000655e+04
1.428120000000000800e+04
1.387280000000000837e+04
1.403520000000000437e+04
1.432000000000000728e+04
1.436840000000000691e+04
1.414040000000000509e+04
1.341800000000000909e+04
1.387680000000000473e+04
1.478720000000000437e+04
1.429240000000000509e+04
1.463440000000000509e+04
1.404240000000000509e+04
1.300400000000000728e+04
1.318520000000000800e+04
1.374680000000000655e+04
1.425040000000000509e+04
1.388360000000000400e+04
1.365840000000000873e+04
1.395840000000000691e+04
1.383040000000000873e+04
1.396800000000000728e+04
1.396680000000000655e+04
1.416400000000000728e+04
1.468720000000000618e+04
1.388880000000000655e+04
1.391560000000000764e+04
1.380640000000000691e+04
1.363200000000000728e+04
1.405960000000000764e+04
1.333680000000000655e+04
1.363800000000000728e+04
1.372400000000000728e+04
1.361440000000000509e+04
1.398320000000000800e+04
1.401240000000000691e+04
1.391800000000000728e+04
1.383080000000000655e+04
1.278880000000000655e+04
1.373400000000000546e+04
1.321760000000000764e+04
1.387600000000000546e+04
1.392800000000000546e+04
1.381040000000000691e+04
1.395600000000000728e+04
1.437640000000000691e+04
1.360960000000000764e+04
1.418840000000000691e+04
1.407000000000000546e+04
1.402480000000000655e+04
1.389160000000000582e+04
1.401440000000000691e+04
1.396200000000000546e+04
1.394560000000000764e+04
1.385320000000000618e+04
1.336240000000000509e+04
1.374480000000000473e+04
1.373960000000000582e+04
1.392400000000000728e+04
1.345400000000000546e+04
1.389120000000000618e+04
1.393880000000000655e+04
1.381280000000000837e+04
1.352480000000000473e+04
1.339960000000000218e+04
1.326320000000000800e+04
1.389440000000000873e+04
1.442200000000000364e+04
1.408720000000000618e+04
1.407320000000000800e+04
1.426040000000000691e+04
1.356200000000000364e+04
1.323000000000000546e+04
1.349760000000000946e+04
1.369400000000000728e+04
1.371040000000000509e+04
1.405200000000000546e+04
1.360040000000000509e+04
1.341000000000000728e+04
1.436720000000000800e+04
1.407880000000000655e+04
1.395880000000000655e+04
1.365600000000000728e+04
1.371320000000000618e+04
1.348160000000000764e+04
1.387800000000000728e+04
1.381760000000000764e+04
1.399000000000000909e+04
1.367560000000000764e+04
1.329040000000001055e+04
1.343400000000000728e+04
1.372640000000000873e+04
1.357240000000000509e+04
1.363600000000000546e+04
1.423400000000000364e+04
1.365560000000000764e+04
1.437760000000000582e+04
1.396360000000000582e+04
1.385280000000000837e+04
1.421560000000000582e+04
1.455600000000000364e+04
1.388000000000000546e+04
1.340480000000000837e+04
1.389400000000000728e+04
1.400280000000000655e+04
1.469000000000000364e+04
1.388360000000000400e+04
1.436120000000000618e+04
1.363360000000000400e+04
1.360200000000000546e+04
1.410560000000000400e+04
1.358320000000000618e+04
1.386200000000000546e+04
1.359000000000000728e+04
1.411120000000000618e+04
1.376320000000000618e+04
1.406760000000000400e+04
1.367920000000000800e+04
1.472160000000000582e+04
1.387720000000000800e+04
1.436920000000000618e+04
1.393400000000000546e+04
1.427720000000000800e+04
1.464160000000000400e+04
1.380120000000000800e+04
1.396960000000000582e+04
1.372760000000000764e+04
1.402240000000000691e+04
1.384640000000000509e+04
1.407040000000000509e+04
1.360040000000000327e+04
1.398000000000000728e+04
1.408800000000000364e+04
1.367960000000000946e+04
1.356560000000000946e+04
1.374840000000000327e+04
1.410960000000000582e+04
1.428480000000000291e+04
1.427080000000000473e+04
1.365320000000000618e+04
1.434560000000000764e+04
1.425920000000000618e+04
1.380440000000000509e+04
1.438000000000000546e+04
1.407000000000000909e+04
1.366400000000000728e+04
1.414320000000000800e+04
1.440560000000000764e+04
1.396800000000000364e+04
1.410680000000001019e+04
1.414600000000000546e+04
1.336360000000000764e+04
1.405240000000000691e+04
1.418240000000000691e+04
1.456240000000000509e+04
1.361040000000000509e+04
1.385040000000000509e+04
1.422280000000000473e+04
1.395600000000000546e+04
1.424720000000000618e+04
1.473240000000000873e+04
1.406480000000000473e+04
1.387320000000000800e+04
1.413120000000000618e+04
1.382400000000000909e+04
1.417440000000000873e+04
1.413120000000000618e+04
1.377560000000000946e+04
1.409800000000000909e+04
1.419840000000000509e+04
1.390400000000000728e+04
1.384160000000000946e+04
1.386240000000000691e+04
1.383880000000000655e+04
1.381760000000000400e+04
1.417840000000000691e+04
1.436840000000000691e+04
1.403880000000000837e+04
1.377040000000000509e+04
1.397480000000000655e+04
1.390400000000000546e+04
1.402160000000000764e+04
1.384560000000000582e+04
1.390480000000000837e+04
1.404440000000000691e+04
1.413920000000000618e+04
1.425480000000000655e+04
1.390000000000000546e+04
1.446360000000000582e+04
1.432040000000000509e+04
1.360400000000000909e+04
1.367680000000000837e+04
1.400800000000000909e+04
1.424440000000000691e+04
1.367640000000000509e+04
1.374760000000000764e+04
1.432480000000000655e+04
1.430480000000000837e+04
1.395080000000000837e+04
1.397000000000000546e+04
1.408200000000000909e+04
1.349040000000000691e+04
1.404760000000000582e+04
1.374120000000000437e+04
1.397120000000000800e+04
1.412520000000000800e+04
1.386720000000000982e+04
1.418400000000000909e+04
1.415080000000000837e+04
1.322560000000000946e+04
1.413000000000000364e+04
1.383400000000000728e+04
1.356320000000000255e+04
1.396960000000000764e+04
1.429720000000000618e+04
1.410480000000000655e+04
1.405440000000000691e+04
1.374160000000000582e+04
1.409120000000000618e+04
1.413600000000000364e+04
1.402520000000000618e+04
1.408800000000000909e+04
1.347240000000000873e+04
1.393200000000000909e+04
1.380640000000000509e+04
1.414840000000001055e+04
1.427920000000000800e+04
1.420160000000000764e+04
1.400120000000000982e+04
1.413680000000000473e+04
1.420800000000000728e+04
1.369880000000000837e+04
1.376800000000000182e+04
1.373440000000000509e+04
1.427720000000001164e+04
1.430600000000000546e+04
1.401200000000000909e+04
1.411200000000000546e+04
1.449080000000000473e+04
1.386200000000000909e+04
1.481200000000000364e+04
1.477280000000000473e+04
1.442280000000000473e+04
1.436560000000000582e+04
1.381120000000000800e+04
1.441120000000000437e+04
1.436440000000000691e+04
1.363440000000000509e+04
1.405880000000001019e+04
1.402680000000000655e+04
1.400240000000000873e+04
1.406200000000000546e+04
1.385800000000000728e+04
1.430240000000000691e+04
1.393800000000000728e+04
1.416520000000000437e+04
1.436960000000000582e+04
1.379600000000000728e+04
1.396840000000000691e+04
1.421680000000000473e+04
1.401320000000000437e+04
1.460080000000000291e+04
1.442000000000000546e+04
1.398800000000000546e+04
1.384160000000000764e+04
1.416280000000000655e+04
1.443040000000000873e+04
1.417400000000000546e+04
1.391120000000000800e+04
1.391600000000000546e+04
1.454920000000000618e+04
1.394040000000000691e+04
1.413920000000000437e+04
1.505080000000000473e+04
1.446480000000000473e+04
1.462520000000000618e+04
1.450600000000000546e+04
1.448600000000000546e+04
1.420000000000000546e+04
1.369440000000000509e+04
1.445480000000000655e+04
1.394880000000000655e+04
1.359480000000000837e+04
1.448040000000000691e+04
1.423440000000000691e+04
1.391200000000000728e+04
1.419040000000000873e+04
1.430640000000000873e+04
1.458640000000000509e+04
1.403760000000000764e+04
1.449400000000000546e+04
1.385760000000000582e+04
1.448920000000000437e+04
1.477840000000000509e+04
1.380000000000000728e+04
1.445640000000000509e+04
1.422760000000000400e+04
1.390120000000000618e+04
1.431920000000000618e+04
1.407880000000000473e+04
1.386480000000000655e+04
1.403200000000000728e+04
1.336680000000000837e+04
1.413720000000000800e+04
1.382440000000000691e+04
1.446640000000000509e+04
1.394320000000000800e+04
1.413840000000000691e+04
1.402080000000000473e+04
1.401560000000000764e+04
1.461440000000000691e+04
1.453520000000000437e+04
1.425840000000000509e+04
1.408040000000000509e+04
1.426840000000000873e+04
1.453840000000000327e+04
1.445360000000000582e+04
1.412800000000000909e+04
1.400200000000000728e+04
1.398480000000000655e+04
1.448800000000000728e+04
1.427880000000000473e+04
1.393280000000000655e+04
1.399120000000000800e+04
1.452120000000000437e+04
1.420320000000000437e+04
1.400160000000000946e+04
1.402600000000000728e+04
1.399920000000000800e+04
1.426960000000000764e+04
1.425600000000000364e+04
1.411280000000000837e+04
1.462160000000000582e+04
1.399480000000000655e+04
1.427480000000000837e+04
1.397160000000000582e+04
1.467840000000000509e+04
1.454760000000000400e+04
1.432360000000000582e+04
1.429320000000000437e+04
1.397920000000000800e+04
1.388200000000000728e+04
1.394040000000000691e+04
1.435680000000000473e+04
1.438640000000000509e+04
1.392400000000000728e+04
1.447040000000000509e+04
1.466640000000000327e+04
1.395680000000000655e+04
1.409080000000000655e+04
1.430400000000000728e+04
1.388880000000000473e+04
1.387880000000000473e+04
1.466680000000000655e+04
1.427680000000000655e+04
1.458280000000000473e+04
1.444720000000000255e+04
1.448960000000000400e+04
1.431680000000000837e+04
1.413520000000000618e+04
1.427320000000000800e+04
1.385240000000000691e+04
1.439240000000000509e+04
1.454840000000000509e+04
1.455080000000000291e+04
1.430680000000000837e+04
1.453640000000000509e+04
1.405680000000000473e+04
1.369720000000000800e+04
1.412240000000000509e+04
1.385360000000000582e+04
1.428600000000000728e+04
1.409320000000000982e+04
1.425760000000000582e+04
1.388920000000000618e+04
1.424240000000000691e+04
1.427920000000000437e+04
1.419160000000000764e+04
1.462880000000000655e+04
1.428560000000000582e+04
1.411360000000000582e+04
1.441720000000000800e+04
1.423760000000000764e+04
1.442880000000000655e+04
1.449040000000000327e+04
1.452880000000000655e+04
1.434160000000000582e+04
1.443920000000000618e+04
1.491360000000000582e+04
1.453040000000000327e+04
1.446800000000000728e+04
1.449040000000000509e+04
1.445360000000000582e+04
1.460200000000000728e+04
1.446880000000000655e+04
1.427440000000000873e+04
1.410000000000000546e+04
1.409400000000001091e+04
1.432600000000000546e+04
1.437560000000000764e+04
1.490360000000000400e+04
1.417720000000000800e+04
1.474880000000000655e+04
1.411800000000000546e+04
1.421880000000000837e+04
1.419120000000000618e+04
1.430680000000000473e+04
1.438600000000000728e+04
1.444760000000000764e+04
1.443600000000000546e+04
1.438680000000000655e+04
1.423120000000000618e+04
1.409320000000000800e+04
1.409400000000000728e+04
1.452840000000000691e+04
1.448320000000000800e+04
1.458520000000000618e+04
1.459400000000000728e+04
1.434800000000000909e+04
1.454800000000000728e+04
1.456720000000000255e+04
1.481480000000000473e+04
1.459400000000000728e+04
1.450160000000000400e+04
1.487880000000000473e+04
1.453040000000000691e+04
1.424240000000000691e+04
1.440480000000000473e+04
1.426520000000000800e+04
1.398760000000000764e+04
1.427120000000000618e+04
1.435160000000000582e+04
1.435480000000000655e+04
1.443640000000000691e+04
1.442400000000000546e+04
1.433880000000000473e+04
1.418600000000000546e+04
1.416720000000000800e+04
1.464160000000000582e+04
1.454960000000000582e+04
1.482840000000000509e+04
1.445520000000000618e+04
1.456440000000000509e+04
1.464560000000000582e+04
1.435440000000000509e+04
1.437880000000000655e+04
1.393160000000000764e+04
1.405680000000000473e+04
1.381280000000000655e+04
1.425640000000001055e+04
1.415880000000000837e+04
1.419320000000000982e+04
1.421720000000000618e+04
1.457360000000000582e+04
1.455480000000000473e+04
1.449200000000000728e+04
1.429440000000000691e+04
1.437800000000000546e+04
1.407120000000000800e+04
1.473600000000000364e+04
1.445600000000000546e+04
1.468600000000000546e+04
1.419080000000000837e+04
1.395600000000000728e+04
1.456320000000000618e+04
1.424040000000000691e+04
1.413320000000000800e+04
1.444680000000000655e+04
1.376120000000000255e+04
1.446480000000000473e+04
1.441920000000000437e+04
1.434520000000000618e+04
1.414840000000000691e+04
1.375560000000000764e+04
1.417480000000000655e+04
1.443600000000000546e+04
1.406880000000000837e+04
1.454800000000000546e+04
1.444680000000000655e+04
1.476960000000000218e+04
1.432120000000000618e+04
1.428120000000000618e+04
1.430200000000000909e+04
1.416640000000000873e+04
1.419280000000000837e+04
1.421080000000000473e+04
1.478600000000000546e+04
1.428120000000000618e+04
1.490840000000000509e+04
1.459360000000000582e+04
1.398880000000000655e+04
1.430800000000000728e+04
1.445720000000000618e+04
1.431040000000000327e+04
1.471840000000000327e+04
1.419960000000000764e+04
1.461360000000000582e+04
1.478920000000000255e+04
1.414400000000000909e+04
1.441120000000000255e+04
1.439640000000000691e+04
1.429800000000000728e+04
1.394120000000000800e+04
1.461480000000000655e+04
1.460160000000000582e+04
1.489640000000000327e+04
1.451680000000000655e+04
1.431040000000000327e+04
1.483000000000000364e+04
1.408000000000000728e+04
1.487120000000000618e+04
1.438800000000000909e+04
1.446640000000000691e+04
1.453040000000000509e+04
1.420480000000000473e+04
1.439640000000000691e+04
1.426000000000000728e+04
1.473080000000000837e+04
1.453600000000000728e+04
1.414360000000000946e+04
1.458960000000000764e+04
1.478600000000000728e+04
1.431160000000000764e+04
1.418000000000000728e+04
1.456480000000000473e+04
1.461160000000000582e+04
1.429040000000000691e+04
1.415680000000000655e+04
1.443160000000000582e+04
1.444600000000000728e+04
1.440240000000000691e+04
1.440200000000000909e+04
1.411960000000000582e+04
1.469360000000000582e+04
1.415840000000000327e+04
1.457480000000000473e+04
1.451920000000000982e+04
1.472600000000000546e+04
1.445480000000000837e+04
1.457000000000000364e+04
1.457720000000000437e+04
1.445280000000000655e+04
1.442800000000000546e+04
1.450160000000000582e+04
1.393320000000000982e+04
1.438000000000000546e+04
1.435200000000000546e+04
1.433720000000000437e+04
1.401960000000000582e+04
1.430240000000000509e+04
1.434440000000000691e+04
1.429720000000000618e+04
1.471840000000000691e+04
1.463240000000000691e+04
1.452560000000000400e+04
1.429640000000000873e+04
1.397160000000000582e+04
1.452280000000001019e+04
1.436800000000000909e+04
1.442960000000000764e+04
1.461960000000000582e+04
1.437560000000000582e+04
1.456600000000000728e+04
1.449520000000000618e+04
1.441560000000000582e+04
1.432160000000000582e+04
1.396480000000001019e+04
1.469640000000000691e+04
1.445040000000000691e+04
1.400720000000000618e+04
1.399840000000000509e+04
1.439920000000000437e+04
1.427240000000000691e+04
1.439440000000000691e+04
1.442920000000000800e+04
1.432440000000000691e+04
1.431320000000000618e+04
1.375040000000000509e+04
1.420080000000000655e+04
1.413880000000000655e+04
1.421160000000001128e+04
1.438840000000000691e+04
1.430440000000000509e+04
1.429640000000000691e+04
1.464080000000000655e+04
1.462880000000000473e+04
1.457400000000000546e+04
1.458760000000000582e+04
1.432600000000000546e+04
1.426600000000000546e+04
1.422920000000000618e+04
1.443680000000000473e+04
1.419120000000000618e+04
1.439200000000000546e+04
1.421560000000000764e+04
1.437680000000000473e+04
1.396800000000000728e+04
1.434080000000000473e+04
1.449120000000000618e+04
1.457440000000001055e+04
1.449200000000000546e+04
1.433440000000000691e+04
1.473000000000000546e+04
1.423840000000000691e+04
1.448680000000000837e+04
1.452120000000000618e+04
1.434000000000000728e+04
1.427120000000000618e+04
1.426360000000000582e+04
1.435080000000000473e+04
1.438920000000000618e+04
1.440840000000000509e+04
1.457160000000000582e+04
1.468760000000000400e+04
1.445880000000000655e+04
1.435480000000000655e+04
1.439880000000000655e+04
1.478800000000000546e+04
1.435440000000000691e+04
1.436160000000000400e+04
1.466720000000000618e+04
1.416520000000000618e+04
1.430160000000000582e+04
1.469960000000000400e+04
1.437600000000000728e+04
1.458880000000000655e+04
1.436840000000000509e+04
1.455920000000000618e+04
1.430600000000000728e+04
1.426640000000000873e+04
1.420440000000000873e+04
1.448680000000000473e+04
1.455320000000000437e+04
1.435520000000000618e+04
1.463400000000000728e+04
1.456800000000000546e+04
1.440400000000000728e+04
1.462600000000000728e+04
1.456480000000000473e+04
1.436760000000000582e+04
1.452960000000000764e+04
1.411360000000000582e+04
1.458640000000000691e+04
1.474760000000000582e+04
1.472920000000000437e+04
1.416160000000000764e+04
1.443160000000000582e+04
1.435440000000000691e+04
1.443000000000000909e+04
1.490480000000000655e+04
1.472000000000000728e+04
1.436320000000000982e+04
1.422680000000000473e+04
1.437480000000000655e+04
1.448920000000000618e+04
1.426520000000000982e+04
1.453800000000000546e+04
1.442080000000000655e+04
1.446040000000000509e+04
1.450520000000000800e+04
1.455920000000000618e+04
1.469000000000000546e+04
1.435520000000000437e+04
1.438840000000000509e+04
1.473040000000000509e+04
1.465200000000000546e+04
1.451600000000000728e+04
1.455440000000000509e+04
1.463840000000000509e+04
1.419320000000000800e+04
1.456560000000000582e+04
1.461560000000000400e+04
1.418960000000000764e+04
1.455200000000000546e+04
1.468960000000000582e+04
1.468480000000000655e+04
1.459560000000000764e+04
1.440080000000000655e+04
1.439920000000000437e+04
1.441120000000000800e+04
1.454120000000000437e+04
1.449280000000000655e+04
1.462120000000000437e+04
1.446840000000000691e+04
1.460040000000000327e+04
1.442280000000000837e+04
1.471440000000000509e+04
1.470240000000000146e+04
1.459640000000000509e+04
1.434640000000000691e+04
1.461080000000000655e+04
1.491840000000000327e+04
1.471280000000000473e+04
1.449040000000000691e+04
1.434200000000000728e+04
1.435840000000000691e+04
1.459240000000000691e+04
1.440760000000000582e+04
1.452600000000000546e+04
1.427160000000000946e+04
1.430720000000000800e+04
1.444640000000000509e+04
1.441400000000000546e+04
1.476480000000000291e+04
1.441480000000000655e+04
1.465200000000000546e+04
1.443720000000000437e+04
1.444360000000000582e+04
1.462200000000000546e+04
1.463480000000000291e+04
1.456800000000000546e+04
1.483840000000000509e+04
1.453720000000000437e+04
1.451920000000000618e+04
1.466920000000000437e+04
1.460960000000000764e+04
1.472640000000000691e+04
1.473000000000000546e+04
1.467440000000000509e+04
1.439400000000000728e+04
1.426800000000000909e+04
1.449400000000000728e+04
1.478520000000000618e+04
1.464120000000000437e+04
1.464680000000000655e+04
1.431160000000000582e+04
1.445280000000000291e+04
1.452920000000000618e+04
1.472200000000000546e+04
1.450280000000000473e+04
1.466880000000000655e+04
1.470200000000000546e+04
1.456480000000000837e+04
1.476240000000000327e+04
1.458440000000000691e+04
1.484680000000000473e+04
1.471160000000000582e+04
1.457800000000000546e+04
1.442920000000000618e+04
1.444160000000000582e+04
1.438640000000000691e+04
1.451400000000000728e+04
1.446960000000000582e+04
1.442600000000000546e+04
1.457960000000000764e+04
1.435200000000000546e+04
1.483600000000000546e+04
1.468280000000000473e+04
1.423600000000000728e+04
1.456320000000000618e+04
1.457120000000000437e+04
1.468880000000000473e+04
1.457720000000000437e+04
1.450040000000000509e+04
1.440040000000000509e+04
1.483640000000000691e+04
1.454000000000000546e+04
1.448440000000000691e+04
1.406400000000000546e+04
1.429600000000000546e+04
1.417840000000000873e+04
1.445600000000000728e+04
1.446720000000000618e+04
1.460120000000000618e+04
1.441200000000000546e+04
1.454280000000000655e+04
1.416400000000000546e+04
1.430720000000000618e+04
1.426440000000000691e+04
1.488960000000000764e+04
1.462080000000000837e+04
1.458000000000000364e+04
1.453320000000000255e+04
1.471640000000000509e+04
1.461120000000000437e+04
1.454800000000000728e+04
1.428360000000000764e+04
1.439560000000000582e+04
1.453040000000000509e+04
1.448760000000000582e+04
1.444200000000000364e+04
1.473840000000000509e+04
1.451600000000000728e+04
1.460240000000000509e+04
1.442720000000000618e+04
1.494120000000000437e+04
1.432080000000000655e+04
1.455800000000000546e+04
1.465520000000000618e+04
1.451280000000000655e+04
1.448040000000000691e+04
1.473160000000000400e+04
1.475280000000000655e+04
1.466440000000000509e+04
1.479560000000000582e+04
1.482920000000000437e+04
1.463440000000000509e+04
1.442040000000000327e+04
1.458600000000000546e+04
1.463720000000000437e+04
1.467400000000000364e+04
1.433080000000000655e+04
1.469360000000000582e+04
1.458200000000000364e+04
1.426280000000000473e+04
1.447800000000000546e+04
1.464120000000000437e+04
1.471680000000000473e+04
1.414160000000000946e+04
1.466360000000000582e+04
1.450040000000000509e+04
1.437600000000000728e+04
1.470120000000000437e+04
1.450000000000000546e+04
1.421880000000000655e+04
1.442600000000000728e+04
1.471720000000000618e+04
1.466400000000000546e+04
1.466040000000000509e+04
1.483280000000000291e+04
1.486520000000000982e+04
1.449000000000001091e+04
1.444320000000000618e+04
1.464840000000000509e+04
1.461320000000000800e+04
1.437680000000000473e+04
1.434920000000000800e+04
1.451120000000000982e+04
1.458040000000000327e+04
1.447640000000000691e+04
1.446880000000000655e+04
1.478360000000000400e+04
1.472840000000000327e+04
1.460960000000000764e+04
1.452240000000000509e+04
1.449800000000000546e+04
1.460200000000000546e+04
1.469160000000000582e+04
1.478320000000000437e+04
1.472240000000000509e+04
1.463000000000000364e+04
1.466200000000000546e+04
1.498040000000000509e+04
1.464600000000000546e+04
1.473320000000000437e+04
1.414560000000000764e+04
1.480600000000000546e+04
1.487800000000000546e+04
1.456320000000000800e+04
1.494800000000000546e+04
1.457280000000000291e+04
1.468320000000000437e+04
1.461760000000000582e+04
1.408240000000000509e+04
1.468760000000000582e+04
1.443360000000000400e+04
1.420320000000000800e+04
1.480880000000000655e+04
1.472120000000000437e+04
1.416640000000000509e+04
1.441440000000000873e+04
1.444880000000000837e+04
1.451880000000000655e+04
1.442240000000000509e+04
1.448520000000000618e+04
1.424880000000001019e+04
1.418360000000000946e+04
1.460200000000000728e+04
1.471440000000000691e+04
1.503600000000000728e+04
1.460440000000000691e+04
1.480640000000000509e+04
1.464200000000000728e+04
1.465880000000000655e+04
1.491000000000000909e+04
1.474960000000000582e+04
1.458600000000000546e+04
1.462400000000000546e+04
1.454720000000000800e+04
1.454680000000000655e+04
1.454240000000000509e+04
1.486680000000000473e+04
1.493520000000000618e+04
1.462880000000000291e+04
1.445600000000000909e+04
1.455560000000000400e+04
1.442280000000000473e+04
1.431320000000000437e+04
1.439240000000000691e+04
1.467760000000000582e+04
1.469040000000000509e+04
1.477160000000000582e+04
1.491160000000000400e+04
1.470960000000000582e+04
1.469320000000000437e+04
1.477160000000000400e+04
1.463960000000000582e+04
1.466120000000000437e+04
1.440440000000000509e+04
1.431320000000000618e+04
1.481720000000000437e+04
1.479920000000000618e+04
1.474160000000000582e+04
1.484280000000000655e+04
1.479360000000000400e+04
1.466080000000000473e+04
1.475280000000000473e+04
1.474280000000000655e+04
1.500320000000000437e+04
1.452880000000000837e+04
1.446040000000000691e+04
1.453440000000000691e+04
1.489480000000000473e+04
1.468400000000000546e+04
1.479520000000000618e+04
1.448640000000000509e+04
1.485520000000000437e+04
1.497280000000000473e+04
1.474520000000000618e+04
1.472080000000000291e+04
1.463160000000000400e+04
1.464440000000000691e+04
1.486440000000000327e+04
1.493080000000000655e+04
1.461080000000000473e+04
1.505880000000000473e+04
1.472160000000000400e+04
1.453920000000000618e+04
1.440160000000000400e+04
1.489600000000000728e+04
1.470760000000000582e+04
1.450160000000000582e+04
1.470080000000000473e+04
1.468520000000000437e+04
1.469200000000000546e+04
1.481960000000000400e+04
1.459400000000000546e+04
1.486880000000000473e+04
1.435520000000000618e+04
1.483600000000000546e+04
1.473200000000000546e+04
1.477080000000000291e+04
1.452240000000000691e+04
1.470440000000000509e+04
1.480120000000000437e+04
1.480200000000000546e+04
1.445120000000000800e+04
1.475200000000000364e+04
1.424200000000000909e+04
1.479680000000000655e+04
1.482560000000000582e+04
1.480800000000000546e+04
1.447640000000000691e+04
1.487800000000000546e+04
1.484440000000000509e+04
1.453400000000000546e+04
1.467520000000000437e+04
1.480520000000000437e+04
1.459160000000000582e+04
1.443840000000000509e+04
1.478720000000000437e+04
1.472640000000000509e+04
1.460440000000000691e+04
1.467560000000000400e+04
1.466200000000000728e+04
1.475960000000000400e+04
1.427680000000000655e+04
1.431600000000000728e+04
1.465920000000000618e+04
1.458280000000000473e+04
1.460840000000000327e+04
1.452840000000000509e+04
1.489360000000000400e+04
1.452160000000000582e+04
1.474960000000000582e+04
1.468040000000000509e+04
1.480680000000000473e+04
1.464320000000000618e+04
1.495600000000000728e+04
1.469360000000000218e+04
1.475880000000000473e+04
1.465800000000000728e+04
1.471720000000000437e+04
1.468200000000000546e+04
1.452240000000000691e+04
1.461360000000000400e+04
1.475400000000000364e+04
1.446200000000000546e+04
1.473760000000000400e+04
1.492480000000000473e+04
1.480720000000000437e+04
1.439120000000000618e+04
1.487600000000000364e+04
1.456160000000000582e+04
1.448440000000000327e+04
1.471680000000000473e+04
1.469520000000000618e+04
1.491480000000000655e+04
1.463640000000000691e+04
1.480560000000000582e+04
1.477720000000000618e+04
1.473280000000000655e+04
1.488120000000000618e+04
1.448600000000000546e+04
1.471480000000000655e+04
1.464720000000000618e+04
1.452080000000000837e+04
1.478720000000000618e+04
1.488160000000000400e+04
1.499280000000000655e+04
1.424440000000000509e+04
1.465640000000000509e+04
1.459400000000000364e+04
1.479320000000000618e+04
1.468920000000000437e+04
1.472440000000000509e+04
1.476880000000000473e+04
1.457680000000000837e+04
1.473440000000000509e+04
1.457040000000000691e+04
1.453720000000000618e+04
1.412720000000000800e+04
1.471600000000000909e+04
1.488040000000000509e+04
1.503240000000000691e+04
1.485560000000000400e+04
1.470800000000000546e+04
1.486600000000000546e+04
1.460360000000000764e+04
1.482440000000000873e+04
1.458760000000000582e+04
1.437240000000000509e+04
1.478640000000000509e+04
1.480000000000000546e+04
1.471880000000000473e+04
1.484200000000000364e+04
1.462840000000000509e+04
1.463640000000000691e+04
1.468360000000000764e+04
1.465360000000000764e+04
1.457400000000000546e+04
1.471160000000000764e+04
1.456840000000000509e+04
1.439040000000000691e+04
1.458880000000000291e+04
1.465920000000000618e+04
1.455120000000000618e+04
1.464840000000000509e+04
1.472880000000000655e+04
1.451800000000000364e+04
1.469760000000000764e+04
1.487240000000000509e+04
1.484120000000000437e+04
1.474960000000000400e+04
1.477640000000000327e+04
1.435440000000000509e+04
1.453600000000000546e+04
1.465440000000000509e+04
1.482800000000000546e+04
1.464520000000000618e+04
1.462080000000000655e+04
1.479080000000000473e+04
1.478840000000000327e+04
1.477040000000000509e+04
1.447000000000000546e+04
1.457200000000000546e+04
1.456800000000000728e+04
1.476920000000000437e+04
1.483840000000000509e+04
1.480000000000000728e+04
1.486040000000000509e+04
1.465320000000000618e+04
1.481800000000000546e+04
1.481560000000000764e+04
1.462320000000000618e+04
1.459320000000000618e+04
1.470880000000000291e+04
1.461600000000000728e+04
1.457120000000000437e+04
1.454000000000000728e+04
1.479200000000000364e+04
1.474000000000000546e+04
1.452960000000000582e+04
1.475520000000000618e+04
1.471880000000000473e+04
1.463200000000000546e+04
1.482360000000000218e+04
1.490840000000000327e+04
1.474920000000000437e+04
1.484520000000000800e+04
1.481280000000000473e+04
1.484120000000000437e+04
1.494400000000000364e+04
1.476880000000000473e+04
1.461320000000000618e+04
1.500000000000000546e+04
1.482640000000000509e+04
1.481400000000000364e+04
1.471960000000000582e+04
1.472720000000000437e+04
1.459680000000000473e+04
1.445840000000000691e+04
1.466560000000000400e+04
1.470280000000000655e+04
1.478600000000000546e+04
1.473400000000000546e+04
1.484280000000000655e+04
1.475000000000000728e+04
1.421760000000000764e+04
1.443960000000000582e+04
1.488200000000000546e+04
1.458800000000000546e+04
1.490200000000000728e+04
1.465760000000000764e+04
1.470160000000000582e+04
1.477160000000000400e+04
1.465600000000000546e+04
1.466760000000000582e+04
1.465880000000000655e+04
1.493120000000000800e+04
1.458080000000000655e+04
1.467160000000000400e+04
1.466880000000000655e+04
1.484720000000000255e+04
1.465160000000000582e+04
1.467960000000000582e+04
1.502960000000000218e+04
1.474880000000000473e+04
1.485400000000000364e+04
1.496120000000000982e+04
1.498760000000000400e+04
1.467560000000000582e+04
1.471560000000000400e+04
1.446440000000000509e+04
1.506560000000000582e+04
1.493720000000000437e+04
1.452200000000000546e+04
1.474840000000000691e+04
1.466640000000000691e+04
1.458880000000000837e+04
1.459440000000000873e+04
1.484760000000000400e+04
1.478360000000000400e+04
1.472040000000000509e+04
1.467200000000000546e+04
1.459640000000000691e+04
1.484040000000000327e+04
1.467360000000000582e+04
1.473600000000000546e+04
1.476880000000000291e+04
1.465760000000000582e+04
1.474280000000000655e+04
1.474200000000000546e+04
1.468760000000000582e+04
1.476240000000000327e+04
1.480960000000000400e+04
1.477080000000000655e+04
1.465560000000000582e+04
1.498480000000000473e+04
1.448360000000000400e+04
1.487240000000000691e+04
1.466040000000000691e+04
1.488240000000000509e+04
1.452160000000000582e+04
1.469000000000000364e+04
1.467560000000000764e+04
1.469480000000000473e+04
1.450920000000000437e+04
1.467080000000000473e+04
1.455680000000000655e+04
1.491520000000000618e+04
1.473520000000000437e+04
1.474640000000000327e+04
1.469480000000000473e+04
1.475880000000000655e+04
1.449200000000001091e+04
1.449240000000000509e+04
1.476320000000000437e+04
1.489120000000000618e+04
1.480000000000000546e+04
1.465160000000000764e+04
1.495160000000000582e+04
1.455720000000000618e+04
1.435640000000000691e+04
1.465840000000000327e+04
1.460720000000000437e+04
1.474960000000000400e+04
1.482240000000000691e+04
1.480720000000000982e+04
1.448800000000000728e+04
1.474000000000000364e+04
1.468400000000000728e+04
1.485640000000000509e+04
1.452040000000000691e+04
1.479920000000000618e+04
1.476680000000000291e+04
1.478120000000000437e+04
1.486720000000000437e+04
1.485480000000000473e+04
1.485640000000000691e+04
1.482000000000000546e+04
1.468760000000000764e+04
1.479600000000000364e+04
1.455720000000000437e+04
1.466080000000000837e+04
1.469240000000000509e+04
1.503960000000000582e+04
1.473600000000000546e+04
1.481480000000000473e+04
1.501480000000000473e+04
1.495480000000000473e+04
1.479840000000000509e+04
1.446640000000000691e+04
1.476360000000000400e+04
1.482800000000000546e+04
1.467680000000000473e+04
1.495160000000000582e+04
1.485200000000000546e+04
1.482600000000000546e+04
1.441120000000000618e+04
1.471960000000000582e+04
1.478000000000000728e+04
1.494160000000000400e+04
1.459120000000000618e+04
1.488920000000000618e+04
1.478160000000000400e+04
1.466360000000000582e+04
1.488720000000000437e+04
1.466880000000000473e+04
1.485480000000000655e+04
1.423880000000000655e+04
1.487480000000000473e+04
1.447920000000000618e+04
1.488720000000000437e+04
1.438040000000000691e+04
1.490240000000000691e+04
1.469360000000000582e+04
1.467360000000000764e+04
1.494680000000000473e+04
1.493880000000000837e+04
1.479680000000000291e+04
1.451760000000000582e+04
1.467560000000000764e+04
1.483400000000000364e+04
1.466720000000000437e+04
1.503400000000000546e+04
1.477520000000000437e+04
1.472880000000000473e+04
1.477080000000000473e+04
1.487400000000000546e+04
1.467560000000000582e+04
1.478480000000000473e+04
1.477760000000000764e+04
1.474960000000000218e+04
1.472200000000000728e+04
1.490560000000000764e+04
1.505600000000000546e+04
1.486920000000000255e+04
1.483640000000000509e+04
1.469640000000000691e+04
1.466960000000000582e+04
1.483840000000000509e+04
1.476240000000000509e+04
1.468320000000000982e+04
1.479800000000000364e+04
1.488240000000000509e+04
1.482600000000000728e+04
1.471600000000000546e+04
1.475720000000000255e+04
1.477200000000000728e+04
1.483360000000000582e+04
1.486600000000000728e+04
1.483560000000000400e+04
1.492400000000000364e+04
1.500680000000000655e+04
1.476640000000000691e+04
1.481880000000000655e+04
1.493000000000000364e+04
1.481800000000000728e+04
1.473360000000000400e+04
1.491560000000000400e+04
1.486680000000000655e+04
1.468120000000000618e+04
1.467760000000000946e+04
1.482080000000000655e+04
1.484120000000000618e+04
1.469480000000000473e+04
1.437680000000000655e+04
1.466320000000000437e+04
1.487200000000000546e+04
1.484240000000000691e+04
1.482560000000000582e+04
1.464160000000000582e+04
1.477200000000000364e+04
1.475000000000000546e+04
1.480760000000000400e+04
1.480880000000000473e+04
1.469520000000000800e+04
1.469400000000000546e+04
1.478840000000000509e+04
1.501720000000000800e+04
1.485120000000000618e+04
1.488640000000000509e+04
1.445760000000000764e+04
1.481880000000000655e+04
1.487640000000000327e+04
1.463560000000000764e+04
1.464280000000000655e+04
1.457640000000000509e+04
1.484400000000000364e+04
1.479360000000000582e+04
1.497600000000000728e+04
1.496000000000000364e+04
1.473400000000000364e+04
1.485160000000000582e+04
1.465360000000000582e+04
1.477680000000000837e+04
1.495560000000000582e+04
1.479520000000000437e+04
1.496760000000000400e+04
1.472360000000000400e+04
1.480800000000000728e+04
1.487920000000000618e+04
1.488320000000000618e+04
1.469640000000000691e+04
1.480280000000000473e+04
1.499520000000000437e+04
1.485560000000000218e+04
1.496320000000000437e+04
1.482800000000000546e+04
1.470280000000000473e+04
1.479480000000000655e+04
1.449200000000000546e+04
1.499840000000000327e+04
1.469560000000000400e+04
1.483360000000000582e+04
1.480920000000000437e+04
1.455080000000000655e+04
1.474200000000000728e+04
1.495680000000000473e+04
1.485560000000000400e+04
1.453080000000000473e+04
1.486880000000000837e+04
1.470280000000000655e+04
1.456400000000000728e+04
1.444400000000000909e+04
1.502520000000000618e+04
1.488880000000000655e+04
1.459960000000000400e+04
1.476840000000000509e+04
1.466760000000000400e+04
1.502600000000000364e+04
1.450120000000000618e+04
1.473320000000000982e+04
1.477720000000000437e+04
1.460840000000000509e+04
1.482960000000000400e+04
1.498440000000000509e+04
1.505280000000000473e+04
1.503400000000000364e+04
1.500960000000000582e+04
1.473600000000000546e+04
1.483000000000000546e+04
1.476360000000000400e+04
1.496120000000000437e+04
1.491920000000000618e+04
1.495360000000000400e+04
1.486480000000000473e+04
1.483680000000000291e+04
1.485880000000000473e+04
1.471400000000000728e+04
1.486560000000000400e+04
1.465120000000000618e+04
1.479120000000000800e+04
1.485880000000000473e+04
1.500560000000000764e+04
1.488080000000000473e+04
1.491800000000000182e+04
1.496720000000000437e+04
1.486920000000000618e+04
1.492880000000000473e+04
1.475080000000000655e+04
1.488800000000000364e+04
1.498720000000000618e+04
1.484240000000000509e+04
1.480760000000000582e+04
1.471920000000000618e+04
1.491480000000000655e+04
1.483560000000000400e+04
1.472360000000000400e+04
1.485120000000000437e+04
1.483080000000000291e+04
1.484120000000000618e+04
1.487440000000000327e+04
1.446520000000000618e+04
1.498280000000000473e+04
1.493240000000000509e+04
1.487520000000000618e+04
1.483000000000000546e+04
1.492280000000000473e+04
1.490320000000000437e+04
1.484320000000000437e+04
1.492880000000000473e+04
1.485960000000000582e+04
1.471160000000000582e+04
1.487280000000000473e+04
1.485200000000000364e+04
1.494400000000000364e+04
1.480040000000000691e+04
1.455880000000000473e+04
1.478640000000000509e+04
1.481640000000000509e+04
1.496200000000000364e+04
1.503600000000000546e+04
1.483160000000000582e+04
1.451640000000000873e+04
1.496440000000000691e+04
1.471040000000000327e+04
1.477520000000000255e+04
1.464600000000000546e+04
1.480320000000000437e+04
1.487120000000000618e+04
1.502240000000000509e+04
1.478120000000000437e+04
1.493800000000000546e+04
1.471520000000000437e+04
1.462000000000000546e+04
1.505400000000000546e+04
1.475120000000000437e+04
1.465760000000000582e+04
1.475520000000000437e+04
1.498040000000000691e+04
1.483640000000000873e+04
1.481680000000000291e+04
1.488040000000000873e+04
1.488920000000000437e+04
1.490680000000000473e+04
1.481000000000000546e+04
1.483360000000000400e+04
1.476160000000000582e+04
1.496400000000000546e+04
1.490840000000000509e+04
1.498000000000000546e+04
1.486160000000000400e+04
1.488320000000000618e+04
1.484920000000000618e+04
1.483840000000000509e+04
1.486280000000000473e+04
1.495160000000000400e+04
1.479680000000000473e+04
1.480720000000000255e+04
1.469080000000000473e+04
1.496280000000000473e+04
1.489200000000000546e+04
1.464320000000000618e+04
1.490520000000000618e+04
1.466000000000000728e+04
1.490760000000000400e+04
1.473200000000000364e+04
1.480800000000000364e+04
1.492920000000000437e+04
1.495920000000000437e+04
1.482320000000000437e+04
1.479400000000000728e+04
1.477280000000000473e+04
1.458200000000000728e+04
1.493520000000000437e+04
1.477080000000000655e+04
1.499320000000000618e+04
1.488080000000000655e+04
1.485840000000000509e+04
1.476000000000000546e+04
1.439240000000000509e+04
1.481640000000000509e+04
1.486160000000000582e+04
1.477800000000000364e+04
1.486000000000000546e+04
1.486160000000000582e+04
1.477360000000000582e+04
1.483320000000000800e+04
1.492920000000000618e+04
1.484760000000000582e+04
1.499960000000000400e+04
1.495000000000000728e+04
1.488280000000000655e+04
1.484840000000000691e+04
1.489240000000000509e+04
1.500640000000000691e+04
1.496960000000000400e+04
1.492920000000000437e+04
1.474720000000000437e+04
1.484680000000000473e+04
1.478200000000000546e+04
1.474920000000000618e+04
1.495160000000000582e+04
1.503320000000000255e+04
1.505320000000000618e+04
1.481800000000000546e+04
1.486320000000000437e+04
1.482280000000000291e+04
1.481400000000000546e+04
1.494840000000000691e+04
1.470480000000000291e+04
1.481440000000000509e+04
1.475080000000000473e+04
1.472520000000000618e+04
1.484680000000000473e+04
1.482640000000000509e+04
1.467200000000000728e+04
1.487120000000000437e+04
1.486040000000000327e+04
1.482440000000000327e+04
1.491240000000000509e+04
1.486080000000000473e+04
1.478880000000000473e+04
1.490280000000000655e+04
1.490080000000000473e+04
1.481720000000000437e+04
1.505160000000000582e+04
1.485920000000000437e+04
1.494160000000000400e+04
1.499160000000000400e+04
1.490560000000000400e+04
1.492640000000000327e+04
1.481280000000000473e+04
1.486920000000000437e+04
1.489920000000000618e+04
1.485520000000000437e+04
1.482320000000000618e+04
1.499600000000000546e+04
1.502880000000000473e+04
1.496120000000000255e+04
1.465720000000000618e+04
1.495680000000000655e+04
1.484720000000000437e+04
1.483680000000000291e+04
1.484760000000000582e+04
1.482160000000000400e+04
1.494560000000000400e+04
1.486800000000000364e+04
1.493080000000000473e+04
1.474120000000000437e+04
1.490120000000000437e+04
1.494920000000000255e+04
1.502800000000000546e+04
1.480280000000000291e+04
1.496000000000000546e+04
1.501000000000000546e+04
1.475200000000000364e+04
1.478960000000000400e+04
1.447120000000000618e+04
1.479600000000000364e+04
1.503880000000000837e+04
1.497720000000000437e+04
1.500160000000000400e+04
1.495040000000000509e+04
1.496720000000000437e+04
1.495600000000000364e+04
1.455800000000000546e+04
1.498080000000000291e+04
1.502200000000000546e+04
1.501240000000000509e+04
1.489480000000000655e+04
1.500960000000000400e+04
1.464120000000000437e+04
1.490360000000000764e+04
1.470600000000000546e+04
1.499320000000000255e+04
1.498160000000000582e+04
1.495040000000000509e+04
1.491640000000000509e+04
1.496720000000000437e+04
1.476640000000000327e+04
1.506840000000000691e+04
1.477280000000000473e+04
1.478200000000000546e+04
1.487720000000000437e+04
1.503000000000000546e+04
1.476440000000000509e+04
1.510160000000000400e+04
1.488760000000000400e+04
1.482040000000000509e+04
1.464920000000000437e+04
1.491320000000000437e+04
1.482960000000000400e+04
1.497840000000000509e+04
1.488920000000000437e+04
1.498080000000000655e+04
1.505280000000000473e+04
1.503400000000000364e+04
1.493520000000000437e+04
1.500360000000000400e+04
1.486360000000000582e+04
1.501120000000000255e+04
1.491720000000000437e+04
1.472960000000000400e+04
1.484720000000000618e+04
1.487480000000000473e+04
1.472600000000000546e+04
1.497760000000000582e+04
1.492160000000000582e+04
1.485200000000000546e+04
1.481760000000000218e+04
1.485000000000000364e+04
1.487440000000000327e+04
1.467640000000000691e+04
1.485720000000000255e+04
1.490200000000000364e+04
1.496920000000000437e+04
1.497800000000000546e+04
1.492720000000000437e+04
1.498120000000000437e+04
1.497480000000000473e+04
1.490640000000000691e+04
1.498040000000000327e+04
1.485800000000000546e+04
1.488120000000000618e+04
1.488120000000000437e+04
1.498000000000000364e+04
1.465320000000000618e+04
1.482840000000000327e+04
1.467320000000000437e+04
1.494240000000000327e+04
1.494600000000000546e+04
1.492760000000000400e+04
1.488560000000000400e+04
1.491680000000000473e+04
1.503680000000000291e+04
1.505760000000000400e+04
1.487840000000000691e+04
1.490920000000000437e+04
1.466600000000000546e+04
1.499480000000000655e+04
1.501720000000000618e+04
1.482200000000000546e+04
1.493240000000000327e+04
1.490240000000000691e+04
1.484400000000000364e+04
1.492280000000000473e+04
1.498560000000000582e+04
1.498320000000000437e+04
1.499480000000000291e+04
1.499280000000000473e+04
1.500120000000000618e+04
1.484240000000000509e+04
1.495360000000000400e+04
1.495000000000000182e+04
1.500440000000000509e+04
1.500560000000000400e+04
1.503560000000000582e+04
1.484960000000000582e+04
1.507600000000000364e+04
1.492600000000000546e+04
1.500240000000000327e+04
1.500240000000000327e+04
1.468080000000000291e+04
1.508240000000000509e+04
1.476240000000000509e+04
1.492960000000000582e+04
1.488440000000000691e+04
1.490360000000000400e+04
1.498200000000000364e+04
1.499000000000000364e+04
1.502120000000000255e+04
1.491800000000000364e+04
1.509200000000000364e+04
1.500680000000000291e+04
1.494440000000000509e+04
1.498040000000000691e+04
1.494520000000000437e+04
1.500800000000000364e+04
1.495920000000000437e+04
1.496160000000000400e+04
1.470400000000000364e+04
1.483760000000000218e+04
1.478000000000000364e+04
1.504400000000000364e+04
1.503400000000000546e+04
1.458560000000000764e+04
1.485800000000000364e+04
1.482960000000000582e+04
1.490840000000000509e+04
1.485680000000000473e+04
1.479800000000000546e+04
1.496200000000000546e+04
1.499040000000000509e+04
1.501600000000000364e+04
1.502760000000000400e+04
1.482200000000000364e+04
1.472640000000000327e+04
1.499640000000000509e+04
1.488120000000000618e+04
1.489480000000000473e+04
1.467440000000000327e+04
1.492520000000000437e+04
1.488000000000000364e+04
1.494000000000000546e+04
1.503920000000000437e+04
1.476080000000000473e+04
1.491400000000000546e+04
1.493080000000000655e+04
1.479560000000000400e+04
1.470240000000000327e+04
1.490480000000000837e+04
1.501000000000000364e+04
1.493200000000000364e+04
1.493680000000000655e+04
1.486520000000000255e+04
1.485320000000000255e+04
1.478320000000000437e+04
1.498080000000000473e+04
1.489840000000000509e+04
1.494520000000000437e+04
1.493080000000000473e+04
1.505720000000000437e+04
1.466520000000000618e+04
1.486720000000000437e+04
1.496960000000000582e+04
1.496160000000000582e+04
1.502600000000000364e+04
1.495520000000000437e+04
1.493880000000000473e+04
1.484480000000000655e+04
1.455240000000000509e+04
1.500160000000000400e+04
1.506640000000000509e+04
1.500800000000000546e+04
1.498560000000000400e+04
1.502320000000000437e+04
1.502200000000000182e+04
1.497760000000000400e+04
1.498680000000000473e+04
1.506920000000000437e+04
1.505440000000000509e+04
1.495440000000000509e+04
1.489200000000000364e+04
1.493160000000000400e+04
1.494720000000000437e+04
1.497440000000000509e+04
1.499800000000000364e+04
1.495520000000000437e+04
1.498320000000000437e+04
1.502680000000000291e+04
1.497640000000000509e+04
1.504240000000000327e+04
1.499680000000000291e+04
1.501120000000000618e+04
1.500280000000000291e+04
1.498360000000000582e+04
1.505600000000000546e+04
1.495840000000000327e+04
1.480440000000000327e+04
1.481400000000000546e+04
1.493120000000000437e+04
1.483920000000000437e+04
1.472840000000000509e+04
1.501800000000000546e+04
1.493400000000000364e+04
1.501600000000000364e+04
1.496440000000000509e+04
1.509360000000000582e+04
1.494080000000000473e+04
1.491800000000000364e+04
1.481240000000000327e+04
1.500160000000000400e+04
1.493680000000000473e+04
1.505240000000000327e+04
1.495760000000000400e+04
1.465440000000000509e+04
1.503160000000000400e+04
1.506200000000000364e+04
1.481200000000000182e+04
1.496040000000000509e+04
1.474200000000000364e+04
1.483920000000000437e+04
1.488480000000000291e+04
1.504200000000000364e+04
1.469880000000000291e+04
1.486520000000000437e+04
1.477000000000000182e+04
1.492400000000000546e+04
1.493600000000000546e+04
1.490800000000000364e+04
1.486480000000000473e+04
1.488120000000000437e+04
1.490920000000000437e+04
1.494960000000000582e+04
1.499240000000000691e+04
1.485880000000000473e+04
1.488280000000000291e+04
1.503240000000000327e+04
1.496600000000000728e+04
1.493840000000000509e+04
1.499840000000000327e+04
1.491840000000000509e+04
1.481440000000000691e+04
1.500960000000000400e+04
1.502480000000000473e+04
1.498960000000000582e+04
1.492360000000000400e+04
1.495160000000000400e+04
1.494000000000000364e+04
1.502120000000000437e+04
1.496280000000000473e+04
1.479520000000000437e+04
1.495240000000000691e+04
1.509400000000000546e+04
1.496760000000000582e+04
1.484760000000000400e+04
1.491800000000000546e+04
1.483440000000000327e+04
1.504760000000000582e+04
1.488240000000000509e+04
1.484520000000000437e+04
1.488760000000000400e+04
1.496200000000000364e+04
1.484440000000000509e+04
1.456680000000000655e+04
1.490720000000000437e+04
1.505160000000000582e+04
1.502720000000000437e+04
1.500840000000000509e+04
1.493160000000000400e+04
1.505400000000000364e+04
1.500800000000000364e+04
1.500640000000000509e+04
1.479040000000000509e+04
1.497960000000000400e+04
1.492400000000000546e+04
1.497120000000000437e+04
1.496360000000000582e+04
1.498200000000000364e+04
1.485080000000000473e+04
1.496680000000000655e+04
1.493560000000000582e+04
1.497760000000000400e+04
1.491640000000000509e+04
1.484320000000000437e+04
1.488200000000000364e+04
1.495440000000000509e+04
1.490200000000000546e+04
1.462240000000000509e+04
1.480440000000000509e+04
1.497960000000000400e+04
1.471720000000000437e+04
1.497200000000000546e+04
1.490800000000000546e+04
1.478600000000000546e+04
1.480080000000000291e+04
1.498800000000000546e+04
1.495400000000000546e+04
1.491640000000000327e+04
1.496280000000000473e+04
1.493840000000000509e+04
1.487520000000000437e+04
1.477960000000000400e+04
1.504600000000000364e+04
1.507520000000000618e+04
1.499640000000000327e+04
1.494520000000000618e+04
1.477200000000000546e+04
1.499880000000000291e+04
1.494920000000000800e+04
1.498640000000000327e+04
1.505440000000000691e+04
1.504840000000000509e+04
1.492240000000000509e+04
1.502520000000000437e+04
1.483080000000000473e+04
1.502040000000000509e+04
1.505520000000000437e+04
1.498400000000000364e+04
1.502160000000000400e+04
1.493000000000000364e+04
1.479920000000000618e+04
1.504560000000000400e+04
1.499880000000000473e+04
1.486280000000000473e+04
1.498320000000000255e+04
1.494160000000000582e+04
1.498440000000000146e+04
1.488480000000000837e+04
1.482880000000000291e+04
1.490120000000000618e+04
1.505680000000000473e+04
1.499800000000000546e+04
1.510000000000000546e+04
1.507760000000000400e+04
1.494000000000000364e+04
1.499800000000000546e+04
1.506840000000000509e+04
1.475520000000000437e+04
1.500400000000000364e+04
1.501600000000000728e+04
1.497120000000000800e+04
1.488080000000000473e+04
1.500480000000000473e+04
1.496640000000000509e+04
1.465800000000000546e+04
1.496680000000000655e+04
1.505600000000000364e+04
1.506640000000000509e+04
1.507440000000000691e+04
1.505440000000000509e+04
1.502200000000000546e+04
1.501520000000000437e+04
1.498760000000000400e+04
1.498480000000000655e+04
1.486360000000000400e+04
1.478960000000000582e+04
1.502480000000000473e+04
1.499680000000000473e+04
1.506400000000000546e+04
1.499200000000000364e+04
1.484320000000000618e+04
1.479120000000000255e+04
1.505880000000000291e+04
1.501720000000000618e+04
1.493480000000000291e+04
1.497240000000000327e+04
1.495280000000000655e+04
1.497240000000000509e+04
1.500440000000000509e+04
1.492040000000000327e+04
1.489520000000000618e+04
1.503840000000000509e+04
1.493640000000000509e+04
1.507360000000000582e+04
1.503520000000000437e+04
1.491960000000000218e+04
1.495240000000000509e+04
1.500680000000000473e+04
1.497920000000000437e+04
1.490600000000000364e+04
1.493240000000000509e+04
1.494440000000000509e+04
1.482560000000000582e+04
1.488680000000000655e+04
1.502960000000000582e+04
1.501560000000000400e+04
1.491880000000000291e+04
1.504200000000000546e+04
1.498680000000000473e+04
1.486160000000000400e+04
1.503760000000000400e+04
1.499000000000000364e+04
1.487080000000000473e+04
1.494840000000000509e+04
1.493560000000000400e+04
1.500360000000000400e+04
1.499400000000000546e+04
1.502640000000000509e+04
1.499560000000000582e+04
1.503080000000000291e+04
1.495280000000000655e+04
1.500720000000000437e+04
1.486600000000000364e+04
1.508000000000000728e+04
1.497000000000000546e+04
1.507000000000000364e+04
1.501360000000000400e+04
1.505120000000000437e+04
1.496120000000000437e+04
1.490920000000000618e+04
1.500880000000000291e+04
1.505440000000000327e+04
1.498080000000000473e+04
1.510160000000000582e+04
1.506320000000000437e+04
1.487520000000000437e+04
1.497200000000000364e+04
1.494040000000000509e+04
1.498680000000000473e+04
1.497080000000000473e+04
1.502640000000000327e+04
1.497360000000000400e+04
1.479720000000000437e+04
1.503320000000000437e+04
1.490400000000000546e+04
1.496400000000000728e+04
1.500560000000000582e+04
1.497400000000000364e+04
1.485840000000000509e+04
1.499000000000000728e+04
1.504360000000000400e+04
1.507680000000000473e+04
1.499800000000000364e+04
1.504320000000000437e+04
1.494240000000000691e+04
1.508520000000000437e+04
1.502960000000000764e+04
1.504400000000000364e+04
1.496840000000000509e+04
1.503880000000000473e+04
1.496200000000000364e+04
1.491080000000000473e+04
1.500160000000000400e+04
1.490480000000000655e+04
1.484800000000000728e+04
1.482880000000000291e+04
1.485920000000000618e+04
1.494040000000000509e+04
1.503000000000000546e+04
1.487080000000000473e+04
1.468640000000000509e+04
1.505440000000000327e+04
1.498240000000000691e+04
1.491200000000000364e+04
1.500120000000000437e+04
1.497600000000000546e+04
1.506920000000000437e+04
1.504800000000000364e+04
1.502480000000000837e+04
1.504840000000000509e+04
1.495920000000000437e+04
1.500040000000000327e+04
1.503760000000000400e+04
1.508080000000000473e+04
1.505520000000000255e+04
1.504240000000000691e+04
1.505000000000000546e+04
1.502600000000000364e+04
1.490760000000000400e+04
1.498960000000000582e+04
1.499560000000000582e+04
1.504520000000000255e+04
1.501360000000000400e+04
1.502440000000000509e+04
1.504920000000000437e+04
1.488480000000000473e+04
1.492480000000000291e+04
1.506080000000000291e+04
1.504120000000000437e+04
1.497240000000000327e+04
1.502920000000000618e+04
1.503040000000000327e+04
1.501400000000000546e+04
1.492680000000000473e+04
1.502520000000000437e+04
1.502680000000000473e+04
1.484280000000000473e+04
1.504280000000000291e+04
1.496160000000000582e+04
1.491840000000000691e+04
1.489760000000000582e+04
1.498800000000000546e+04
1.493040000000000509e+04
1.491160000000000582e+04
1.499120000000000437e+04
1.493520000000000255e+04
1.493280000000000473e+04
1.501760000000000400e+04
1.505080000000000473e+04
1.501800000000000364e+04
1.501960000000000400e+04
1.491320000000000255e+04
1.491600000000000546e+04
1.476080000000000473e+04
1.491560000000000582e+04
1.500520000000000618e+04
1.485160000000000400e+04
1.504440000000000509e+04
1.490600000000000364e+04
1.500320000000000618e+04
1.509720000000000437e+04
1.497080000000000473e+04
1.503520000000000618e+04
1.503800000000000546e+04
1.500280000000000473e+04
1.506680000000000473e+04
1.500960000000000400e+04
1.496160000000000400e+04
1.499440000000000509e+04
1.509560000000000400e+04
1.509200000000000364e+04
1.502680000000000473e+04
1.507080000000000473e+04
1.499440000000000509e+04
1.501760000000000400e+04
1.510160000000000582e+04
1.502880000000000473e+04
1.511600000000000364e+04
1.503640000000000327e+04
1.509640000000000509e+04
1.502200000000000546e+04
1.501880000000000473e+04
1.510360000000000582e+04
1.510360000000000400e+04
1.502800000000000364e+04
1.497320000000000255e+04
1.499920000000000437e+04
1.509200000000000728e+04
1.498200000000000364e+04
1.494480000000000473e+04
1.506960000000000400e+04
1.502240000000000509e+04
1.502960000000000582e+04
1.505960000000000400e+04
1.494800000000000364e+04
1.504280000000000473e+04
1.494200000000000546e+04
1.507520000000000255e+04
1.505120000000000618e+04
1.500200000000000546e+04
1.508400000000000364e+04
1.501480000000000291e+04
1.505600000000000546e+04
1.501080000000000473e+04
1.506200000000000364e+04
1.508400000000000546e+04
1.496600000000000546e+04
1.509560000000000400e+04
1.495240000000000327e+04
1.503480000000000473e+04
1.503680000000000473e+04
1.509640000000000509e+04
1.507760000000000582e+04
1.503000000000000364e+04
1.485840000000000509e+04
1.502000000000000364e+04
1.504840000000000327e+04
1.501440000000000509e+04
1.501200000000000364e+04
1.495240000000000509e+04
1.507640000000000509e+04
1.502280000000000473e+04
1.499200000000000364e+04
1.483320000000000437e+04
1.511600000000000364e+04
1.508560000000000400e+04
1.501920000000000437e+04
1.472000000000000364e+04
1.498440000000000509e+04
1.506920000000000618e+04
1.506520000000000437e+04
1.506120000000000255e+04
1.502720000000000437e+04
1.496520000000000437e+04
1.497880000000000291e+04
1.493960000000000582e+04
1.504280000000000473e+04
1.493840000000000509e+04
1.501040000000000509e+04
1.498280000000000291e+04
1.503440000000000509e+04
1.505680000000000473e+04
1.503560000000000400e+04
1.505160000000000582e+04
1.503040000000000327e+04
1.505680000000000473e+04
1.502320000000000255e+04
1.497480000000000291e+04
1.499680000000000473e+04
1.504160000000000400e+04
1.496240000000000509e+04
1.502240000000000509e+04
1.506440000000000509e+04
1.503000000000000364e+04
1.493800000000000364e+04
1.506000000000000546e+04
1.504200000000000364e+04
1.504400000000000364e+04
1.505720000000000437e+04
1.496960000000000400e+04
1.501280000000000291e+04
1.501120000000000437e+04
1.506480000000000473e+04
1.499760000000000218e+04
1.503840000000000327e+04
1.505920000000000618e+04
1.503000000000000546e+04
1.505520000000000255e+04
1.505040000000000509e+04
1.502720000000000437e+04
1.511800000000000364e+04
1.498720000000000437e+04
1.495400000000000546e+04
1.487000000000000364e+04
1.491600000000000728e+04
1.508440000000000509e+04
1.505920000000000618e+04
1.502400000000000364e+04
1.500960000000000400e+04
1.498440000000000509e+04
1.496520000000000618e+04
1.503600000000000546e+04
1.504840000000000327e+04
1.498400000000000546e+04
1.502600000000000364e+04
1.509120000000000255e+04
1.495040000000000691e+04
1.497400000000000728e+04
1.506560000000000400e+04
1.504720000000000618e+04
1.498440000000000509e+04
1.497920000000000255e+04
1.502800000000000364e+04
1.506920000000000437e+04
1.501960000000000400e+04
1.509040000000000327e+04
1.510080000000000473e+04
1.506920000000000437e+04
1.504880000000000655e+04
1.508800000000000364e+04
1.503120000000000437e+04
1.497800000000000364e+04
1.502480000000000291e+04
1.502000000000000364e+04
1.503880000000000473e+04
1.500240000000000509e+04
1.507400000000000364e+04
1.501680000000000473e+04
1.503040000000000327e+04
1.499320000000000618e+04
1.500600000000000546e+04
1.493000000000000364e+04
1.508000000000000364e+04
1.502680000000000655e+04
1.499760000000000400e+04
1.504160000000000400e+04
1.503240000000000509e+04
1.496440000000000509e+04
1.509560000000000400e+04
1.501200000000000364e+04
1.503360000000000400e+04
1.485320000000000255e+04
1.502840000000000509e+04
1.494600000000000364e+04
1.506680000000000291e+04
1.505720000000000437e+04
1.506040000000000509e+04
1.505000000000000364e+04
1.500640000000000327e+04
1.477720000000000255e+04
1.502160000000000218e+04
1.505280000000000473e+04
1.497120000000000255e+04
1.500440000000000327e+04
1.502280000000000473e+04
1.502640000000000509e+04
1.499720000000000437e+04
1.499160000000000400e+04
1.477080000000000473e+04
1.500640000000000327e+04
1.504760000000000764e+04
1.490160000000000400e+04
1.508160000000000400e+04
1.491440000000000327e+04
1.488280000000000473e+04
1.509280000000000291e+04
1.505920000000000437e+04
1.499840000000000509e+04
1.505000000000000546e+04
1.509280000000000473e+04
1.499080000000000473e+04
1.505840000000000509e+04
1.489040000000000327e+04
1.507560000000000400e+04
1.503280000000000291e+04
1.496320000000000255e+04
1.506240000000000327e+04
1.488040000000000327e+04
1.505360000000000400e+04
1.509160000000000400e+04
1.508520000000000437e+04
1.507360000000000400e+04
1.503680000000000291e+04
1.510440000000000327e+04
1.506600000000000364e+04
1.505200000000000364e+04
1.506080000000000473e+04
1.504160000000000582e+04
1.507480000000000473e+04
1.503800000000000364e+04
1.504440000000000327e+04
1.505040000000000327e+04
1.502440000000000327e+04
1.507720000000000437e+04
1.505920000000000437e+04
1.499600000000000546e+04
1.502040000000000509e+04
1.506440000000000509e+04
1.504360000000000400e+04
1.500560000000000582e+04
1.504280000000000473e+04
1.501920000000000255e+04
1.499320000000000437e+04
1.492280000000000291e+04
1.504160000000000400e+04
1.504560000000000400e+04
1.508040000000000327e+04
1.502680000000000473e+04
1.495560000000000582e+04
1.498520000000000255e+04
1.500120000000000437e+04
1.503120000000000437e+04
1.500520000000000437e+04
1.504280000000000291e+04
1.501720000000000255e+04
1.503160000000000400e+04
1.499360000000000400e+04
1.498360000000000400e+04
1.501680000000000473e+04
1.501440000000000509e+04
1.491560000000000400e+04
1.498880000000000473e+04
1.503800000000000364e+04
1.499560000000000582e+04
1.507440000000000509e+04
1.494960000000000400e+04
1.496840000000000509e+04
1.505680000000000473e+04
1.501440000000000509e+04
1.503480000000000473e+04
1.502800000000000364e+04
1.500000000000000182e+04
1.509360000000000400e+04
1.499880000000000473e+04
1.487960000000000400e+04
1.504720000000000255e+04
1.506800000000000364e+04
1.498120000000000437e+04
1.491800000000000364e+04
1.506480000000000291e+04
1.509560000000000400e+04
1.503200000000000182e+04
1.506240000000000509e+04
1.504720000000000255e+04
1.507000000000000728e+04
1.505400000000000364e+04
1.508000000000000364e+04
1.507080000000000473e+04
1.502480000000000291e+04
1.501040000000000327e+04
1.507840000000000509e+04
1.502600000000000364e+04
1.502880000000000473e+04
1.508840000000000327e+04
1.499000000000000364e+04
1.496920000000000255e+04
1.502240000000000509e+04
1.493160000000000400e+04
1.499480000000000473e+04
1.504160000000000582e+04
1.508840000000000509e+04
1.504080000000000473e+04
1.507960000000000218e+04
1.504720000000000437e+04
1.502720000000000437e+04
1.509080000000000473e+04
1.506520000000000437e+04
1.507920000000000255e+04
1.495480000000000473e+04
1.501440000000000691e+04
1.499200000000000364e+04
1.496320000000000255e+04
1.508280000000000291e+04
1.505360000000000582e+04
1.509960000000000400e+04
1.501200000000000728e+04
1.507680000000000473e+04
1.510160000000000582e+04
1.506200000000000546e+04
1.507440000000000509e+04
1.512160000000000400e+04
1.509680000000000473e+04
1.499840000000000509e+04
1.501440000000000509e+04
1.507840000000000509e+04
1.507040000000000691e+04
1.509440000000000509e+04
1.508680000000000291e+04
1.508000000000000546e+04
1.504400000000000364e+04
1.506200000000000364e+04
1.501640000000000327e+04
1.505000000000000364e+04
1.511320000000000437e+04
1.507560000000000400e+04
1.504240000000000327e+04
1.502560000000000400e+04
1.502880000000000473e+04
1.501840000000000509e+04
1.508680000000000473e+04
1.509600000000000364e+04
1.506640000000000509e+04
1.501160000000000400e+04
1.504240000000000327e+04
1.502720000000000437e+04
1.508960000000000582e+04
1.507080000000000473e+04
1.503680000000000291e+04
1.508000000000000364e+04
1.504160000000000400e+04
1.510080000000000473e+04
1.506440000000000509e+04
1.505000000000000546e+04
1.507840000000000327e+04
1.508280000000000473e+04
1.509000000000000364e+04
1.508680000000000473e+04
1.504360000000000400e+04
1.502320000000000437e+04
1.487600000000000182e+04
1.503080000000000291e+04
1.509120000000000437e+04
1.510400000000000364e+04
1.504360000000000400e+04
1.501000000000000364e+04
1.511160000000000400e+04
1.509280000000000473e+04
1.508200000000000364e+04
1.505960000000000582e+04
1.509880000000000473e+04
1.506640000000000327e+04
1.508400000000000364e+04
1.508720000000000437e+04
1.502560000000000400e+04
1.506200000000000364e+04
1.506760000000000218e+04
1.506240000000000509e+04
1.507800000000000364e+04
1.508880000000000473e+04
1.504640000000000327e+04
1.507480000000000473e+04
1.507240000000000327e+04
1.507920000000000255e+04
1.506840000000000509e+04
1.508040000000000327e+04
1.508720000000000437e+04
1.502200000000000546e+04
1.510360000000000582e+04
1.505000000000000546e+04
1.500040000000000327e+04
1.507240000000000327e+04
1.501200000000000364e+04
1.510720000000000437e+04
1.507400000000000546e+04
1.508440000000000327e+04
1.505720000000000437e+04
1.494560000000000582e+04
1.503800000000000364e+04
1.507360000000000582e+04
1.500880000000000291e+04
1.500760000000000400e+04
1.505800000000000364e+04
1.505440000000000327e+04
1.501120000000000437e+04
1.506960000000000400e+04
1.505640000000000327e+04
1.503920000000000255e+04
1.496480000000000291e+04
1.490240000000000327e+04
1.503320000000000618e+04
1.504160000000000400e+04
1.508000000000000364e+04
1.508200000000000364e+04
1.495520000000000437e+04
1.510360000000000400e+04
1.497440000000000509e+04
1.507960000000000400e+04
1.509080000000000473e+04
1.466760000000000400e+04
1.507360000000000582e+04
1.510680000000000473e+04
1.503040000000000327e+04
1.509800000000000546e+04
1.508080000000000291e+04
1.504600000000000546e+04
1.507080000000000473e+04
1.507120000000000437e+04
1.504400000000000546e+04
1.498760000000000400e+04
1.506480000000000473e+04
1.503320000000000437e+04
1.505320000000000255e+04
1.500400000000000728e+04
1.500760000000000400e+04
1.507200000000000364e+04
1.505920000000000618e+04
1.509800000000000546e+04
1.508840000000000327e+04
1.504040000000000509e+04
1.500080000000000473e+04
1.503880000000000291e+04
1.507320000000000255e+04
1.509360000000000400e+04
1.508440000000000509e+04
1.506720000000000437e+04
1.506720000000000437e+04
1.508920000000000437e+04
1.507800000000000364e+04
1.510240000000000509e+04
1.511160000000000400e+04
1.510440000000000509e+04
1.505360000000000400e+04
1.509320000000000618e+04
1.507680000000000473e+04
1.509560000000000400e+04
1.506040000000000509e+04
1.505760000000000400e+04
1.507920000000000437e+04
1.508720000000000437e+04
1.502720000000000437e+04
1.495440000000000327e+04
1.493440000000000509e+04
1.481480000000000291e+04
1.512680000000000473e+04
1.502480000000000473e+04
1.503000000000000546e+04
1.512320000000000437e+04
1.511800000000000546e+04
1.506000000000000364e+04
1.509680000000000473e+04
1.504040000000000509e+04
1.501120000000000437e+04
1.506680000000000473e+04
1.499880000000000291e+04
1.495800000000000182e+04
1.508960000000000582e+04
1.501360000000000400e+04
1.504240000000000327e+04
1.502560000000000400e+04
1.511240000000000327e+04
1.506720000000000255e+04
1.510440000000000509e+04
1.503680000000000291e+04
1.504760000000000582e+04
1.510640000000000509e+04
1.503120000000000437e+04
1.509440000000000327e+04
1.511800000000000546e+04
1.505280000000000473e+04
1.495360000000000218e+04
1.503320000000000437e+04
1.501760000000000582e+04
1.503200000000000546e+04
1.510720000000000618e+04
1.510800000000000546e+04
1.503280000000000473e+04
1.494680000000000291e+04
1.508320000000000437e+04
1.511520000000000437e+04
1.511280000000000655e+04
1.509800000000000546e+04
1.512200000000000546e+04
1.502960000000000400e+04
1.502200000000000364e+04
1.507960000000000400e+04
1.502600000000000364e+04
1.510080000000000473e+04
1.508760000000000218e+04
1.510240000000000509e+04
1.507120000000000437e+04
1.510400000000000546e+04
1.507920000000000437e+04
1.494800000000000546e+04
1.509040000000000509e+04
1.509520000000000437e+04
1.497600000000000546e+04
1.507480000000000473e+04
1.508280000000000655e+04
1.511120000000000437e+04
1.509560000000000400e+04
1.506040000000000509e+04
1.509920000000000618e+04
1.502920000000000437e+04
1.508560000000000400e+04
1.508560000000000582e+04
1.511200000000000364e+04
1.512120000000000437e+04
1.507480000000000473e+04
1.509880000000000473e+04
1.508040000000000327e+04
1.509720000000000437e+04
1.499120000000000437e+04
1.506400000000000546e+04
1.506080000000000473e+04
1.512440000000000509e+04
1.508600000000000364e+04
1.508880000000000473e+04
1.509000000000000546e+04
1.510240000000000509e+04
1.504320000000000618e+04
1.486000000000000364e+04
1.509000000000000546e+04
1.508560000000000400e+04
1.511200000000000364e+04
1.506040000000000327e+04
1.503760000000000400e+04
1.508880000000000473e+04
1.509080000000000473e+04
1.510280000000000473e+04
1.509400000000000546e+04
1.507280000000000473e+04
1.488800000000000728e+04
1.498560000000000400e+04
1.508280000000000473e+04
1.506920000000000800e+04
1.506880000000000473e+04
1.505840000000000509e+04
1.505640000000000509e+04
1.509920000000000618e+04
1.500080000000000655e+04
1.507240000000000691e+04
1.506240000000000509e+04
1.509080000000000655e+04
1.505200000000000546e+04
1.507040000000000327e+04
1.509800000000000364e+04
1.509720000000000437e+04
1.498320000000000618e+04
1.507360000000000582e+04
1.503080000000000655e+04
1.502640000000000327e+04
1.508240000000000509e+04
1.508160000000000400e+04
1.501440000000000509e+04
1.507920000000000618e+04
1.511320000000000437e+04
1.499480000000000473e+04
1.502640000000000327e+04
1.505240000000000509e+04
1.511400000000000728e+04
1.511600000000000364e+04
1.508160000000000582e+04
1.509080000000000473e+04
1.510480000000000473e+04
1.502320000000000255e+04
1.509040000000000509e+04
1.504920000000000618e+04
1.504400000000000364e+04
1.509080000000000473e+04
1.507800000000000546e+04
1.501680000000000473e+04
1.512280000000000837e+04
1.509680000000000473e+04
1.509280000000000473e+04
1.512720000000000437e+04
1.507720000000000618e+04
1.509400000000000546e+04
1.502440000000000509e+04
1.508640000000000509e+04
1.510640000000000509e+04
1.508720000000000618e+04
1.506400000000000546e+04
1.502160000000000582e+04
1.508040000000000327e+04
1.509560000000000582e+04
1.497440000000000691e+04
1.506320000000000437e+04
1.504680000000000473e+04
1.508880000000000473e+04
1.512440000000000691e+04
1.508640000000000691e+04
1.498880000000000473e+04
1.507920000000000437e+04
1.505320000000000800e+04
1.512440000000000509e+04
1.511040000000000509e+04
1.500440000000000509e+04
1.511360000000000582e+04
1.510560000000000400e+04
1.499280000000000473e+04
1.508000000000000546e+04
1.511960000000000582e+04
1.508040000000000509e+04
1.495600000000000364e+04
1.508400000000000364e+04
1.503000000000000364e+04
1.512040000000000509e+04
1.502640000000000509e+04
1.510240000000000327e+04
1.507560000000000582e+04
1.507640000000000691e+04
1.500880000000000655e+04
1.506920000000000255e+04
1.502400000000000364e+04
1.505720000000000437e+04
1.510320000000000437e+04
1.507960000000000400e+04
1.504840000000000327e+04
1.502960000000000400e+04
1.506560000000000400e+04
1.510720000000000437e+04
1.509760000000000582e+04
1.512640000000000509e+04
1.504160000000000582e+04
1.512800000000000546e+04
1.510600000000000546e+04
1.501800000000000364e+04
1.512360000000000582e+04
1.509840000000000509e+04
1.485440000000000509e+04
1.501440000000000509e+04
1.512680000000000473e+04
1.510920000000000618e+04
1.510920000000000437e+04
1.505920000000000255e+04
1.501560000000000400e+04
1.510160000000000400e+04
1.504760000000000764e+04
1.511240000000000509e+04
1.511360000000000400e+04
1.509960000000000400e+04
1.494480000000000473e+04
1.512200000000000364e+04
1.510280000000000291e+04
1.509920000000000437e+04
1.509800000000000546e+04
1.504840000000000691e+04
1.507080000000000473e+04
1.504080000000000473e+04
1.511360000000000582e+04
1.510600000000000546e+04
1.509960000000000400e+04
1.502560000000000400e+04
1.508120000000000618e+04
1.505000000000000728e+04
1.507440000000000327e+04
1.512520000000000437e+04
1.511000000000000364e+04
1.510000000000000546e+04
1.501360000000000400e+04
1.506920000000000437e+04
1.512720000000000437e+04
1.503240000000000509e+04
1.505560000000000582e+04
1.506400000000000728e+04
1.503880000000000473e+04
1.476720000000000800e+04
1.495920000000000618e+04
1.508560000000000582e+04
1.508480000000000473e+04
1.510840000000000691e+04
1.509160000000000582e+04
1.504120000000000800e+04
1.506520000000000437e+04
1.506240000000000691e+04
1.510880000000000655e+04
1.511280000000000473e+04
1.506640000000000873e+04
1.512040000000000691e+04
1.499400000000000364e+04
1.509680000000000473e+04
1.508240000000000509e+04
1.504080000000000473e+04
1.505440000000000509e+04
1.511200000000000546e+04
1.507680000000000655e+04
1.512520000000000437e+04
1.506360000000000400e+04
1.507840000000000509e+04
1.510320000000000618e+04
1.511520000000000437e+04
1.505160000000000582e+04
1.502880000000000291e+04
1.507600000000000546e+04
1.507880000000000473e+04
1.507320000000000618e+04
1.512360000000000400e+04
1.506360000000000218e+04
1.505720000000000437e+04
1.495560000000000400e+04
1.507800000000000364e+04
1.509960000000000400e+04
1.508400000000000546e+04
1.510400000000000546e+04
1.504560000000000400e+04
1.507800000000000546e+04
1.510800000000000546e+04
1.509360000000000582e+04
1.508600000000000364e+04
1.503560000000000400e+04
1.508840000000000509e+04
1.511560000000000400e+04
1.507840000000000327e+04
1.511760000000000400e+04
1.505080000000000473e+04
1.504800000000000546e+04
1.487560000000000582e+04
1.504960000000000582e+04
1.505840000000000327e+04
1.508280000000000291e+04
1.507160000000000400e+04
1.503880000000000291e+04
1.505920000000000437e+04
1.506680000000000473e+04
1.510800000000000728e+04
1.510240000000000691e+04
1.503200000000000364e+04
1.507880000000000655e+04
1.509720000000000437e+04
1.512360000000000400e+04
1.498080000000000473e+04
1.511120000000000437e+04
1.511240000000000509e+04
1.510040000000000691e+04
1.509640000000000509e+04
1.506000000000000182e+04
1.494920000000000618e+04
1.511240000000000509e+04
1.506360000000000400e+04
1.505000000000000546e+04
1.509240000000000327e+04
1.508120000000000618e+04
1.497840000000000327e+04
1.505440000000000691e+04
1.503560000000000582e+04
1.504800000000000546e+04
1.510680000000000655e+04
1.510040000000000509e+04
1.511280000000000473e+04
