6.905099999999994907e+03
5.390199999999999818e+03
6.323899999999995089e+03
6.422899999999995998e+03
6.326799999999996544e+03
5.958399999999995998e+03
6.608499999999995453e+03
1.031499999999999636e+04
1.071399999999999091e+04
1.058209999999999491e+04
9.674700000000002547e+03
9.926300000000001091e+03
9.073900000000005093e+03
9.310300000000004729e+03
9.742300000000001091e+03
8.778300000000004729e+03
9.542300000000004729e+03
9.756400000000001455e+03
9.896300000000001091e+03
9.680300000000004729e+03
1.000029999999999745e+04
9.404300000000002910e+03
9.736700000000002547e+03
9.741300000000001091e+03
8.990300000000006548e+03
9.566300000000004729e+03
9.696300000000004729e+03
9.489300000000002910e+03
9.185200000000004366e+03
9.553700000000002547e+03
9.885200000000002547e+03
9.934700000000002547e+03
9.547100000000004002e+03
9.765900000000003274e+03
9.733400000000003274e+03
9.850899999999999636e+03
9.822200000000000728e+03
9.251300000000001091e+03
1.026599999999999636e+04
1.033109999999999491e+04
1.023759999999999673e+04
1.027529999999999745e+04
9.974600000000002183e+03
1.013239999999999964e+04
9.933599999999998545e+03
1.058349999999999272e+04
1.059669999999999709e+04
1.087319999999998436e+04
1.043679999999999200e+04
1.079709999999999127e+04
1.077049999999998727e+04
1.086949999999998727e+04
1.100159999999998945e+04
1.040809999999999673e+04
1.018829999999999745e+04
1.070949999999998909e+04
1.075659999999998945e+04
1.031409999999999127e+04
1.047129999999999018e+04
1.063499999999999272e+04
1.061419999999999163e+04
1.066909999999998763e+04
1.081709999999998945e+04
1.056679999999999018e+04
1.085339999999998872e+04
1.067799999999998909e+04
1.035159999999999127e+04
1.024679999999999018e+04
1.079279999999998836e+04
1.077769999999998618e+04
1.072389999999998872e+04
1.050919999999999345e+04
1.056679999999999382e+04
1.066299999999999454e+04
1.095019999999998254e+04
1.039569999999999709e+04
1.071239999999998872e+04
1.048739999999999236e+04
1.093149999999999091e+04
1.074299999999998909e+04
1.060709999999998945e+04
1.082289999999999054e+04
1.075339999999999054e+04
1.039309999999999309e+04
1.066329999999999200e+04
1.111239999999998327e+04
1.113579999999998472e+04
1.098579999999999200e+04
1.120319999999998436e+04
1.105399999999999272e+04
1.111829999999999018e+04
1.082509999999999127e+04
1.113509999999998945e+04
1.082829999999999382e+04
1.084689999999999054e+04
1.074759999999998945e+04
1.070389999999999236e+04
1.091499999999999091e+04
1.098669999999998436e+04
1.081229999999999200e+04
1.051719999999999527e+04
1.056299999999999454e+04
1.068589999999999236e+04
1.076149999999999091e+04
1.114679999999999018e+04
1.125929999999998472e+04
1.053019999999999527e+04
1.086389999999999054e+04
1.092709999999999309e+04
1.090169999999999163e+04
1.076239999999999054e+04
1.110149999999998545e+04
1.023859999999999673e+04
1.039459999999998945e+04
1.069899999999999091e+04
1.096589999999999054e+04
1.097829999999999018e+04
1.005159999999999491e+04
1.102099999999998909e+04
1.111539999999998690e+04
1.058139999999999054e+04
1.085379999999998836e+04
1.084209999999999127e+04
1.090169999999999163e+04
1.088379999999999200e+04
1.062219999999999527e+04
1.056129999999999018e+04
1.078119999999999163e+04
1.095039999999998327e+04
1.068049999999999454e+04
1.107799999999998909e+04
1.118249999999998727e+04
1.120319999999998618e+04
1.123559999999998399e+04
1.060539999999999236e+04
1.094989999999998690e+04
1.134989999999998327e+04
1.091439999999999236e+04
1.148199999999998727e+04
1.095469999999999163e+04
1.103409999999998945e+04
1.083949999999999091e+04
1.097839999999999236e+04
1.103569999999999345e+04
1.099349999999999454e+04
1.113079999999999018e+04
1.017710000000000218e+04
1.078889999999999418e+04
1.101039999999998690e+04
1.108199999999999454e+04
1.163609999999998581e+04
1.108389999999999236e+04
1.063229999999999563e+04
1.066719999999999891e+04
1.124839999999999054e+04
1.148309999999998763e+04
1.116249999999998909e+04
1.097179999999999200e+04
1.111059999999999127e+04
1.089149999999999636e+04
1.100989999999999600e+04
1.111219999999999527e+04
1.131939999999999054e+04
1.145119999999998799e+04
1.139879999999999382e+04
1.120229999999999200e+04
1.094169999999999527e+04
1.144679999999999382e+04
1.112989999999999054e+04
1.066859999999999673e+04
1.116679999999999563e+04
1.108409999999999127e+04
1.105709999999999309e+04
1.076529999999999563e+04
1.100109999999999673e+04
1.127659999999999127e+04
1.124819999999998799e+04
1.102489999999999600e+04
1.135119999999998981e+04
1.150069999999999345e+04
1.164359999999998763e+04
1.123749999999999091e+04
1.117199999999999454e+04
1.116239999999999236e+04
1.148029999999999018e+04
1.135769999999999345e+04
1.104259999999999309e+04
1.085589999999999600e+04
1.102919999999999527e+04
1.083129999999999745e+04
1.132969999999999345e+04
1.132769999999999345e+04
1.097409999999999491e+04
1.098859999999998945e+04
1.146119999999999163e+04
1.086489999999999418e+04
1.140009999999999127e+04
1.107789999999999236e+04
1.084309999999999491e+04
1.088909999999999309e+04
1.123309999999999127e+04
1.126619999999998799e+04
1.146989999999998872e+04
1.135499999999998909e+04
1.128389999999999236e+04
1.073969999999999891e+04
1.092679999999999200e+04
1.106819999999998981e+04
1.095729999999999382e+04
1.115759999999999309e+04
1.121009999999998945e+04
1.051250000000000000e+04
1.083539999999999236e+04
1.123739999999998872e+04
1.141579999999999018e+04
1.144469999999998981e+04
1.130369999999998799e+04
1.120509999999998763e+04
1.125229999999999018e+04
1.117379999999998654e+04
1.128369999999998799e+04
1.141069999999998618e+04
1.137429999999999018e+04
1.146529999999998654e+04
1.140609999999999127e+04
1.099329999999999018e+04
1.095639999999999418e+04
1.100819999999999163e+04
1.052409999999999673e+04
1.068619999999999709e+04
1.117429999999999382e+04
1.142409999999998945e+04
1.149299999999999091e+04
1.089319999999999527e+04
1.133049999999999091e+04
1.102639999999998872e+04
1.116369999999999163e+04
1.130829999999999200e+04
1.125139999999999236e+04
1.104739999999999236e+04
1.151629999999999200e+04
1.127099999999999272e+04
1.100899999999998909e+04
1.107759999999999309e+04
1.095639999999999600e+04
1.120349999999998909e+04
1.080499999999999636e+04
1.100709999999998945e+04
1.098309999999999491e+04
1.099749999999999454e+04
1.096559999999998945e+04
1.081199999999999636e+04
1.089269999999999709e+04
1.111409999999999127e+04
1.089019999999999527e+04
1.085149999999999272e+04
1.083149999999999272e+04
1.101519999999999709e+04
1.140939999999999236e+04
1.162949999999999091e+04
1.130019999999998981e+04
1.149709999999998763e+04
1.046889999999999236e+04
1.118239999999999418e+04
1.151099999999998545e+04
1.120409999999999127e+04
1.108329999999999382e+04
1.120649999999999272e+04
1.107589999999999236e+04
1.105629999999999382e+04
1.087319999999999527e+04
1.042939999999999964e+04
1.119589999999998872e+04
1.120549999999999272e+04
1.104489999999999054e+04
1.094109999999998945e+04
1.138949999999999091e+04
1.114799999999999091e+04
1.135479999999999200e+04
1.137439999999999418e+04
1.118059999999999309e+04
1.111739999999998872e+04
1.105269999999999527e+04
1.148599999999999272e+04
1.116889999999999054e+04
1.123919999999999163e+04
1.130379999999999382e+04
1.133979999999999200e+04
1.116209999999998945e+04
1.123759999999998945e+04
1.120629999999999018e+04
1.131759999999999127e+04
1.116919999999999163e+04
1.120839999999998872e+04
1.124359999999999127e+04
1.085959999999999491e+04
1.131489999999999236e+04
1.136439999999998872e+04
1.118079999999998836e+04
1.127019999999999163e+04
1.130719999999999345e+04
1.141689999999999054e+04
1.104389999999998872e+04
1.065209999999999491e+04
1.146269999999999163e+04
1.171499999999998909e+04
1.160679999999999018e+04
1.179859999999998945e+04
1.119969999999998981e+04
1.148349999999999272e+04
1.127309999999999127e+04
1.154079999999999200e+04
1.120079999999999018e+04
1.102169999999999345e+04
1.122549999999999091e+04
1.129339999999998872e+04
1.148829999999999200e+04
1.121849999999998909e+04
1.115059999999999127e+04
1.097079999999999382e+04
1.122539999999999236e+04
1.131139999999999236e+04
1.169219999999999163e+04
1.148909999999999127e+04
1.142899999999999454e+04
1.148219999999999163e+04
1.109339999999998872e+04
1.098539999999999600e+04
1.106419999999999527e+04
1.125259999999999309e+04
1.082419999999999527e+04
1.150979999999999382e+04
1.162859999999998945e+04
1.120649999999998909e+04
1.141369999999999527e+04
1.130909999999999309e+04
1.155349999999999272e+04
1.129269999999998981e+04
1.136259999999999127e+04
1.132829999999999018e+04
1.165539999999999054e+04
1.107389999999999782e+04
1.157879999999998836e+04
1.147009999999998945e+04
1.124609999999998945e+04
1.136549999999999272e+04
1.122669999999998799e+04
1.076709999999999854e+04
1.130709999999998945e+04
1.133049999999999272e+04
1.086889999999999600e+04
1.133159999999999309e+04
1.128849999999999091e+04
1.137269999999999345e+04
1.140479999999998836e+04
1.140039999999999418e+04
1.147319999999999163e+04
1.151089999999998690e+04
1.133369999999999345e+04
1.135739999999999236e+04
1.123569999999998981e+04
1.115489999999999600e+04
1.157279999999998836e+04
1.120889999999999054e+04
1.113449999999999454e+04
1.146039999999999236e+04
1.105499999999999636e+04
1.099919999999999163e+04
1.092989999999999418e+04
1.140619999999998799e+04
1.091479999999999745e+04
1.078709999999999309e+04
1.123609999999999127e+04
1.115129999999999382e+04
1.110449999999999272e+04
1.115879999999999382e+04
1.131819999999998981e+04
1.123359999999999309e+04
1.116749999999999091e+04
1.125169999999998799e+04
1.141189999999998872e+04
1.139629999999999018e+04
1.122389999999999236e+04
1.138859999999999127e+04
1.119109999999998945e+04
1.107709999999999491e+04
1.146379999999999200e+04
1.136089999999999236e+04
1.158489999999998872e+04
1.105979999999999563e+04
1.099349999999999454e+04
1.105579999999999018e+04
1.115479999999999018e+04
1.103329999999998836e+04
1.121579999999999382e+04
1.080249999999999091e+04
1.098499999999999454e+04
1.128259999999999127e+04
1.125619999999998799e+04
1.149989999999998872e+04
1.130659999999998763e+04
1.147159999999998399e+04
1.154559999999998399e+04
1.147719999999998618e+04
1.137599999999998545e+04
1.159359999999998399e+04
1.152969999999998799e+04
1.150169999999998618e+04
1.158859999999998399e+04
1.172839999999998508e+04
1.168989999999998508e+04
1.158609999999998581e+04
1.154499999999998545e+04
1.149369999999998618e+04
1.111999999999998727e+04
1.175299999999998545e+04
1.169879999999998472e+04
1.141149999999998727e+04
1.182639999999998508e+04
1.161559999999998763e+04
1.147819999999998799e+04
1.169389999999998690e+04
1.163469999999998799e+04
1.119139999999998508e+04
1.151839999999998690e+04
1.158599999999998545e+04
1.152819999999998618e+04
1.164539999999998508e+04
1.156669999999998618e+04
1.187029999999998472e+04
1.162249999999998545e+04
1.159359999999998399e+04
1.175889999999998508e+04
1.149649999999998545e+04
1.179959999999998581e+04
1.169659999999998581e+04
1.186239999999998690e+04
1.170509999999998581e+04
1.141969999999998618e+04
1.147929999999998654e+04
1.161309999999998217e+04
1.186729999999998654e+04
1.146239999999998508e+04
1.130599999999998545e+04
1.140539999999998508e+04
1.162549999999998545e+04
1.148049999999998545e+04
1.160059999999998581e+04
1.157709999999998581e+04
1.153959999999998581e+04
1.192019999999998618e+04
1.149689999999998872e+04
1.133339999999998690e+04
1.163069999999998618e+04
1.155689999999998508e+04
1.174879999999998654e+04
1.165429999999998472e+04
1.159589999999998327e+04
1.154419999999998618e+04
1.171319999999998618e+04
1.142509999999998763e+04
1.175689999999998145e+04
1.138269999999998618e+04
1.148399999999998545e+04
1.122119999999998618e+04
1.137619999999998436e+04
1.148019999999998618e+04
1.183119999999998618e+04
1.179419999999998436e+04
1.164309999999998581e+04
1.171509999999998581e+04
1.171879999999998654e+04
1.197689999999998327e+04
1.175729999999998472e+04
1.161499999999998545e+04
1.174819999999998618e+04
1.169089999999998145e+04
1.180719999999998618e+04
1.152379999999998472e+04
1.165759999999998217e+04
1.150669999999998618e+04
1.151199999999998727e+04
1.168719999999998618e+04
1.162869999999998254e+04
1.162079999999998472e+04
1.150809999999998581e+04
1.163979999999998472e+04
1.183279999999998654e+04
1.171199999999998545e+04
1.176629999999998290e+04
1.163169999999998618e+04
1.133979999999998654e+04
1.174959999999998399e+04
1.165519999999998436e+04
1.154919999999998618e+04
1.176469999999998799e+04
1.185139999999998508e+04
1.170859999999998399e+04
1.119609999999998763e+04
1.165089999999998690e+04
1.127379999999998654e+04
1.208129999999998290e+04
1.180309999999998399e+04
1.148459999999998581e+04
1.200069999999998254e+04
1.150499999999998363e+04
1.159339999999998508e+04
1.175349999999998545e+04
1.158699999999998363e+04
1.171929999999998472e+04
1.135999999999998545e+04
1.168409999999998399e+04
1.166179999999998654e+04
1.186359999999998399e+04
1.171479999999998836e+04
1.175989999999998508e+04
1.216119999999998436e+04
1.170259999999998763e+04
1.172989999999998508e+04
1.141149999999998909e+04
1.164899999999998363e+04
1.175279999999998472e+04
1.150919999999998618e+04
1.158989999999998690e+04
1.167899999999998363e+04
1.154649999999998545e+04
1.172939999999998327e+04
1.167629999999998472e+04
1.179029999999998290e+04
1.160919999999998618e+04
1.183819999999998436e+04
1.148469999999998254e+04
1.165869999999998436e+04
1.159489999999998508e+04
1.190699999999998363e+04
1.180439999999998327e+04
1.157709999999998581e+04
1.147109999999998399e+04
1.154869999999998436e+04
1.175119999999998618e+04
1.146039999999998690e+04
1.178899999999998545e+04
1.174999999999998545e+04
1.143899999999998545e+04
1.153909999999998763e+04
1.173289999999998508e+04
1.160309999999998581e+04
1.179649999999998545e+04
1.180199999999998545e+04
1.175349999999998545e+04
1.165739999999998508e+04
1.162909999999998581e+04
1.152459999999998217e+04
1.166129999999998472e+04
1.176229999999998472e+04
1.151429999999998472e+04
1.176829999999998472e+04
1.140319999999998618e+04
1.156399999999998363e+04
1.193639999999998690e+04
1.194399999999998363e+04
1.150359999999998581e+04
1.171679999999998472e+04
1.174139999999998508e+04
1.197309999999998581e+04
1.193349999999998545e+04
1.165499999999998545e+04
1.161089999999998327e+04
1.177819999999998436e+04
1.130739999999998508e+04
1.147949999999998727e+04
1.202149999999998545e+04
1.162289999999998508e+04
1.185399999999998545e+04
1.157969999999998618e+04
1.174669999999998799e+04
1.163939999999998690e+04
1.154489999999998508e+04
1.173719999999998618e+04
1.182659999999998581e+04
1.180289999999998508e+04
1.185099999999998363e+04
1.175109999999998581e+04
1.162999999999998545e+04
1.179729999999998472e+04
1.183819999999998436e+04
1.187509999999998581e+04
1.180779999999998472e+04
1.183289999999998508e+04
1.198129999999998290e+04
1.159819999999998436e+04
1.185929999999998654e+04
1.137969999999998799e+04
1.165659999999998763e+04
1.176739999999998690e+04
1.165639999999998508e+04
1.180719999999998618e+04
1.137829999999998654e+04
1.145859999999998763e+04
1.151509999999998399e+04
1.153849999999998545e+04
1.196719999999998436e+04
1.165589999999998508e+04
1.181149999999998545e+04
1.179939999999998508e+04
1.164699999999998363e+04
1.179719999999998436e+04
1.176299999999998727e+04
1.173149999999998545e+04
1.180289999999998508e+04
1.127699999999998909e+04
1.146839999999998690e+04
1.179819999999998436e+04
1.176469999999998799e+04
1.189319999999998618e+04
1.180459999999998763e+04
1.191529999999998472e+04
1.173419999999998618e+04
1.184609999999998581e+04
1.137159999999998763e+04
1.167409999999998399e+04
1.136949999999998909e+04
1.152429999999998836e+04
1.158999999999998727e+04
1.178869999999998618e+04
1.191469999999998618e+04
1.131479999999998654e+04
1.158129999999998654e+04
1.149619999999998618e+04
1.182389999999998508e+04
1.168669999999998618e+04
1.159639999999998872e+04
1.160429999999998472e+04
1.164759999999998399e+04
1.163709999999998399e+04
1.161119999999998618e+04
1.143369999999998618e+04
1.177019999999998436e+04
1.157749999999998727e+04
1.186749999999998363e+04
1.194149999999998727e+04
1.145859999999998581e+04
1.186309999999998581e+04
1.149159999999998581e+04
1.164479999999998836e+04
1.190769999999998436e+04
1.188079999999998472e+04
1.136039999999998690e+04
1.171289999999998327e+04
1.153289999999998690e+04
1.166129999999998654e+04
1.151309999999998581e+04
1.180229999999998654e+04
1.152999999999998545e+04
1.151149999999998363e+04
1.157639999999998508e+04
1.107699999999999272e+04
1.172959999999998581e+04
1.150069999999998618e+04
1.183299999999998363e+04
1.144809999999998581e+04
1.169489999999998690e+04
1.171989999999998327e+04
1.185289999999998508e+04
1.174939999999998508e+04
1.164069999999998436e+04
1.196829999999998290e+04
1.200779999999998472e+04
1.182869999999998436e+04
1.190969999999998436e+04
1.189119999999998254e+04
1.167269999999998436e+04
1.186449999999998545e+04
1.184419999999998436e+04
1.179529999999998472e+04
1.188609999999998399e+04
1.195839999999998508e+04
1.160599999999998909e+04
1.139859999999998581e+04
1.148179999999998654e+04
1.175609999999998399e+04
1.172099999999998545e+04
1.186909999999998763e+04
1.186849999999998363e+04
1.181149999999998545e+04
1.131749999999998727e+04
1.155689999999998508e+04
1.171449999999998545e+04
1.181319999999998618e+04
1.119499999999998727e+04
1.189579999999998290e+04
1.166089999999998508e+04
1.153369999999998618e+04
1.143469999999998799e+04
1.164379999999998654e+04
1.170629999999998472e+04
1.176249999999998545e+04
1.154689999999998690e+04
1.179909999999998581e+04
1.180359999999998581e+04
1.179349999999998545e+04
1.162389999999998690e+04
1.162719999999998618e+04
1.182219999999998618e+04
1.179359999999998763e+04
1.155219999999998618e+04
1.157909999999998399e+04
1.177069999999998618e+04
1.185249999999998545e+04
1.174039999999998327e+04
1.157759999999998581e+04
1.173509999999998581e+04
1.160459999999998399e+04
1.163189999999998508e+04
1.168169999999998436e+04
1.174729999999998472e+04
1.178529999999998654e+04
1.164309999999998581e+04
1.158019999999998618e+04
1.156509999999998581e+04
1.157679999999998654e+04
1.156459999999998763e+04
1.167139999999998690e+04
1.165509999999998763e+04
1.185749999999998545e+04
1.181089999999998508e+04
1.150119999999998618e+04
1.156379999999998654e+04
1.151499999999998545e+04
1.166549999999998363e+04
1.156039999999998690e+04
1.174309999999998763e+04
1.185779999999998472e+04
1.180859999999998399e+04
1.181719999999998618e+04
1.173669999999998799e+04
1.158179999999998654e+04
1.163859999999998581e+04
1.141079999999998654e+04
1.157509999999998399e+04
1.173329999999998654e+04
1.146959999999998763e+04
1.126869999999998799e+04
1.168369999999998618e+04
1.168239999999998508e+04
1.176509999999998581e+04
1.164649999999998363e+04
1.181929999999998472e+04
1.173949999999998545e+04
1.194479999999998290e+04
1.176859999999998581e+04
1.170159999999998581e+04
1.173519999999998618e+04
1.192689999999998327e+04
1.190699999999998363e+04
1.187589999999998508e+04
1.177319999999998618e+04
1.185569999999998436e+04
1.162189999999998508e+04
1.167919999999998436e+04
1.180529999999998654e+04
1.169539999999998690e+04
1.166319999999998436e+04
1.175289999999998690e+04
1.184589999999998690e+04
1.196249999999998181e+04
1.166919999999998618e+04
1.182639999999998690e+04
1.169319999999998618e+04
1.170659999999998581e+04
1.174519999999998618e+04
1.176589999999998690e+04
1.173389999999998508e+04
1.160129999999998472e+04
1.184019999999998436e+04
1.189399999999998545e+04
1.201749999999998363e+04
1.203369999999998436e+04
1.175269999999998618e+04
1.173559999999998581e+04
1.185379999999998290e+04
1.176069999999998436e+04
1.180519999999998618e+04
1.165939999999998508e+04
1.175159999999998763e+04
1.183419999999998436e+04
1.178149999999998363e+04
1.181779999999998654e+04
1.179319999999998436e+04
1.169549999999998545e+04
1.173699999999998545e+04
1.178469999999998436e+04
1.188039999999998508e+04
1.154969999999998618e+04
1.208679999999998290e+04
1.192429999999998290e+04
1.182839999999998508e+04
1.178149999999998363e+04
1.172409999999998581e+04
1.195349999999998363e+04
1.167839999999998508e+04
1.177639999999998508e+04
1.184379999999998472e+04
1.193179999999998472e+04
1.172469999999998799e+04
1.170469999999998436e+04
1.159469999999998618e+04
1.178049999999998727e+04
1.183139999999998690e+04
1.192629999999998472e+04
1.186539999999998508e+04
1.184689999999998327e+04
1.179769999999998618e+04
1.158909999999998581e+04
1.181759999999998763e+04
1.151619999999998618e+04
1.177289999999998508e+04
1.158419999999998618e+04
1.182039999999998508e+04
1.196159999999998399e+04
1.205979999999998472e+04
1.172449999999998545e+04
1.197969999999998436e+04
1.209119999999998436e+04
1.152069999999998799e+04
1.172479999999998472e+04
1.179489999999998690e+04
1.185119999999998436e+04
1.172259999999998763e+04
1.168109999999998217e+04
1.162469999999998799e+04
1.171109999999998217e+04
1.190469999999998436e+04
1.183379999999998472e+04
1.168889999999998327e+04
1.180959999999998581e+04
1.180879999999998472e+04
1.180909999999998581e+04
1.183729999999998290e+04
1.168019999999998436e+04
1.164349999999998545e+04
1.186059999999998399e+04
1.184939999999998690e+04
1.195039999999998508e+04
1.175649999999998727e+04
1.173389999999998508e+04
1.182749999999998363e+04
1.180889999999998690e+04
1.199939999999998508e+04
1.170899999999998727e+04
1.190759999999998399e+04
1.181219999999998436e+04
1.166279999999998472e+04
1.167879999999998654e+04
1.168679999999998654e+04
1.166479999999998654e+04
1.158259999999998399e+04
1.178339999999998508e+04
1.183999999999998545e+04
1.175679999999998472e+04
1.178539999999998508e+04
1.163319999999998436e+04
1.172789999999998508e+04
1.153729999999998836e+04
1.188389999999998508e+04
1.173179999999998654e+04
1.166939999999998508e+04
1.161889999999998508e+04
1.184189999999998508e+04
1.160389999999998508e+04
1.163969999999998618e+04
1.181989999999998327e+04
1.167449999999998727e+04
1.180379999999998472e+04
1.165359999999998763e+04
1.189319999999998254e+04
1.176139999999998690e+04
1.175069999999998618e+04
1.190949999999998363e+04
1.151549999999998545e+04
1.181169999999998618e+04
1.172949999999998545e+04
1.173229999999998654e+04
1.172689999999998327e+04
1.175109999999998581e+04
1.151249999999998363e+04
1.175159999999998581e+04
1.160939999999998508e+04
1.157929999999998472e+04
1.172629999999998472e+04
1.181839999999998327e+04
1.189939999999998508e+04
1.163509999999998399e+04
1.184949999999998363e+04
1.176549999999998727e+04
1.192579999999998108e+04
1.156069999999998254e+04
1.174749999999998363e+04
1.145139999999998508e+04
1.174679999999998472e+04
1.172329999999998654e+04
1.189039999999998690e+04
1.135289999999998690e+04
1.188079999999998472e+04
1.205349999999998545e+04
1.187539999999998690e+04
1.198719999999998254e+04
1.143679999999998472e+04
1.166329999999998654e+04
1.168899999999998545e+04
1.180009999999998581e+04
1.158589999999998508e+04
1.157169999999998618e+04
1.175519999999998618e+04
1.155759999999998763e+04
1.177889999999998690e+04
1.180949999999998727e+04
1.176959999999998399e+04
1.192739999999998327e+04
1.173199999999998545e+04
1.185519999999998618e+04
1.189039999999998327e+04
1.166169999999998618e+04
1.192889999999998508e+04
1.192919999999998436e+04
1.189589999999998327e+04
1.189179999999998654e+04
1.186199999999998545e+04
1.185979999999998654e+04
1.211549999999998363e+04
1.181959999999998581e+04
1.179129999999998472e+04
1.203159999999998399e+04
1.188739999999998508e+04
1.175339999999998872e+04
1.187319999999998436e+04
1.169019999999998618e+04
1.190959999999998399e+04
1.169549999999998727e+04
1.138379999999998654e+04
1.187609999999998399e+04
1.198189999999998508e+04
1.183169999999998618e+04
1.201719999999998436e+04
1.188719999999998436e+04
1.176709999999998399e+04
1.188909999999998399e+04
1.201719999999998436e+04
1.184469999999998254e+04
1.162149999999998545e+04
1.207999999999998363e+04
1.177649999999998727e+04
1.207579999999998290e+04
1.202149999999998363e+04
1.182099999999998545e+04
1.173059999999998399e+04
1.184679999999998472e+04
1.174039999999998508e+04
1.187299999999998727e+04
1.203029999999998290e+04
1.182639999999998508e+04
1.183629999999998654e+04
1.195299999999998545e+04
1.163799999999998545e+04
1.158069999999998618e+04
1.192409999999998399e+04
1.185499999999998545e+04
1.190909999999998581e+04
1.186609999999998581e+04
1.196229999999998290e+04
1.175969999999998618e+04
1.192339999999998508e+04
1.192759999999998399e+04
1.177589999999998508e+04
1.182989999999998508e+04
1.170219999999998436e+04
1.183439999999998690e+04
1.203909999999998581e+04
1.176319999999998436e+04
1.189079999999998472e+04
1.196409999999998399e+04
1.192379999999998472e+04
1.170719999999998436e+04
1.177569999999998618e+04
1.154189999999998690e+04
1.163049999999998545e+04
1.135589999999998690e+04
1.167569999999998618e+04
1.194989999999998327e+04
1.183759999999998581e+04
1.191369999999998436e+04
1.191219999999998436e+04
1.185549999999998545e+04
1.198539999999998327e+04
1.198579999999998472e+04
1.194089999999998327e+04
1.176679999999998654e+04
1.172659999999998399e+04
1.185699999999998545e+04
1.162859999999998581e+04
1.180579999999998654e+04
1.167789999999998872e+04
1.167859999999998763e+04
1.202099999999998363e+04
1.191319999999998254e+04
1.190589999999998508e+04
1.184639999999998327e+04
1.192679999999998472e+04
1.180969999999998436e+04
1.189139999999998508e+04
1.200349999999998363e+04
1.187799999999998727e+04
1.213159999999998217e+04
1.206309999999998217e+04
1.197729999999998472e+04
1.186119999999998618e+04
1.199499999999998545e+04
1.137019999999998618e+04
1.174859999999998399e+04
1.175559999999998763e+04
1.182499999999998363e+04
1.178079999999998472e+04
1.172299999999998545e+04
1.192439999999998690e+04
1.188279999999998654e+04
1.212749999999998363e+04
1.193779999999998290e+04
1.193799999999998363e+04
1.192149999999998363e+04
1.198269999999998436e+04
1.171969999999998436e+04
1.187159999999998399e+04
1.172539999999998508e+04
1.179719999999998436e+04
1.179669999999998618e+04
1.178099999999998363e+04
1.156559999999998763e+04
1.182279999999998472e+04
1.184889999999998508e+04
1.184879999999998290e+04
1.195429999999998290e+04
1.204899999999998181e+04
1.181069999999998436e+04
1.188309999999998581e+04
1.195469999999998618e+04
1.170079999999998654e+04
1.197259999999998217e+04
1.164489999999998690e+04
1.179309999999998581e+04
1.161909999999998399e+04
1.165789999999998690e+04
1.181479999999998472e+04
1.195529999999998654e+04
1.202729999999998290e+04
1.198119999999998436e+04
1.193369999999998436e+04
1.195319999999998618e+04
1.170059999999998581e+04
1.179429999999998654e+04
1.162409999999998399e+04
1.183889999999998690e+04
1.196279999999998290e+04
1.200299999999998545e+04
1.191589999999998690e+04
1.183659999999998399e+04
1.196189999999998508e+04
1.198379999999998472e+04
1.184269999999998618e+04
1.176379999999998654e+04
1.190719999999998436e+04
1.185959999999998581e+04
1.170919999999998436e+04
1.191539999999998508e+04
1.202229999999998472e+04
1.191409999999998399e+04
1.185549999999998545e+04
1.192939999999998690e+04
1.192909999999998581e+04
1.188169999999998436e+04
1.144089999999998508e+04
1.196729999999998290e+04
1.196119999999998254e+04
1.187289999999998690e+04
1.192239999999998508e+04
1.174359999999998581e+04
1.187999999999998545e+04
1.179729999999998654e+04
1.182329999999998654e+04
1.187719999999998618e+04
1.195129999999998472e+04
1.177529999999998472e+04
1.186019999999998436e+04
1.193759999999998581e+04
1.174579999999998654e+04
1.184399999999998545e+04
1.209509999999998399e+04
1.194699999999998363e+04
1.201539999999998327e+04
1.177349999999998545e+04
1.182849999999998363e+04
1.198569999999998618e+04
1.193129999999998472e+04
1.178419999999998436e+04
1.184439999999998508e+04
1.170559999999998581e+04
1.179929999999998654e+04
1.194589999999998508e+04
1.183479999999998654e+04
1.191909999999998399e+04
1.185099999999998545e+04
1.191379999999998472e+04
1.184689999999998327e+04
1.191759999999998581e+04
1.205359999999998399e+04
1.192799999999998363e+04
1.189559999999998581e+04
1.194509999999998581e+04
1.193389999999998690e+04
1.194259999999998399e+04
1.195179999999998472e+04
1.187559999999998399e+04
1.189169999999998436e+04
1.176679999999998472e+04
1.171179999999998654e+04
1.194369999999998618e+04
1.201109999999998399e+04
1.189219999999998618e+04
1.191909999999998581e+04
1.175299999999998545e+04
1.179909999999998581e+04
1.199959999999998399e+04
1.179839999999998327e+04
1.159709999999998581e+04
1.191829999999998472e+04
1.168969999999998618e+04
1.184379999999998836e+04
1.183659999999998581e+04
1.178899999999998727e+04
1.205979999999998290e+04
1.177509999999998581e+04
1.166539999999998690e+04
1.193789999999998508e+04
1.199369999999998618e+04
1.187779999999998654e+04
1.191919999999998799e+04
1.194439999999998327e+04
1.188279999999998654e+04
1.174469999999998618e+04
1.174569999999998618e+04
1.205219999999998254e+04
1.196539999999998327e+04
1.151629999999998836e+04
1.177559999999998399e+04
1.183269999999998436e+04
1.201299999999998545e+04
1.201599999999998363e+04
1.193269999999998436e+04
1.190209999999998217e+04
1.193399999999998545e+04
1.199089999999998508e+04
1.185299999999998727e+04
1.193169999999998436e+04
1.192929999999998654e+04
1.177099999999998545e+04
1.181769999999998618e+04
1.210749999999998181e+04
1.201469999999998254e+04
1.159899999999998727e+04
1.188969999999998436e+04
1.196009999999998217e+04
1.185389999999998327e+04
1.188459999999998581e+04
1.202529999999998290e+04
1.205779999999998472e+04
1.183849999999998363e+04
1.190469999999998436e+04
1.186059999999998581e+04
1.194909999999998399e+04
1.186889999999998690e+04
1.179479999999998472e+04
1.169989999999998690e+04
1.190519999999998618e+04
1.163879999999998654e+04
1.197659999999998399e+04
1.197839999999998508e+04
1.197299999999998363e+04
1.173239999999998508e+04
1.178399999999998363e+04
1.178679999999998472e+04
1.192939999999998508e+04
1.185489999999998508e+04
1.209589999999998508e+04
1.209769999999998436e+04
1.202159999999998217e+04
1.192149999999998545e+04
1.180089999999998327e+04
1.190639999999998508e+04
1.172029999999998654e+04
1.199339999999998690e+04
1.189989999999998327e+04
1.171759999999998581e+04
1.177749999999998545e+04
1.193549999999998363e+04
1.193499999999998363e+04
1.191119999999998618e+04
1.198459999999998763e+04
1.191779999999998290e+04
1.172889999999998508e+04
1.188249999999998727e+04
1.192739999999998508e+04
1.177899999999998727e+04
1.157189999999998690e+04
1.174129999999998836e+04
1.185709999999998581e+04
1.163479999999998654e+04
1.181689999999998508e+04
1.196329999999998290e+04
1.196979999999998472e+04
1.191709999999998581e+04
1.167049999999998545e+04
1.185569999999998436e+04
1.201449999999998363e+04
1.188259999999998763e+04
1.193089999999998508e+04
1.181519999999998436e+04
1.199749999999998545e+04
1.183379999999998108e+04
1.181799999999998363e+04
1.187419999999998436e+04
1.169189999999998508e+04
1.188959999999998581e+04
1.186099999999998545e+04
1.172959999999998581e+04
1.188049999999998363e+04
1.189839999999998508e+04
1.188319999999998618e+04
1.177939999999998508e+04
1.195089999999998327e+04
1.169919999999998618e+04
1.188699999999998545e+04
1.170959999999998399e+04
1.177599999999998545e+04
1.157759999999998945e+04
1.176779999999998472e+04
1.160269999999998436e+04
1.165369999999998436e+04
1.180269999999998618e+04
1.194339999999998327e+04
1.190569999999998436e+04
1.201889999999998145e+04
1.193579999999998472e+04
1.192339999999998327e+04
1.192269999999998436e+04
1.188349999999998545e+04
1.194619999999998436e+04
1.200659999999998399e+04
1.174149999999998363e+04
1.201349999999998363e+04
1.184529999999998654e+04
1.143889999999998690e+04
1.173879999999998472e+04
1.180699999999998727e+04
1.190899999999998363e+04
1.183709999999998035e+04
1.200139999999998508e+04
1.164869999999998436e+04
1.174949999999998545e+04
1.177009999999998581e+04
1.164509999999998581e+04
1.190969999999998436e+04
1.170989999999998690e+04
1.189479999999998654e+04
1.192349999999998545e+04
1.195349999999998545e+04
1.170859999999998581e+04
1.203059999999998399e+04
1.200429999999998290e+04
1.197869999999998436e+04
1.197659999999998217e+04
1.192939999999998327e+04
1.196759999999998217e+04
1.195369999999998436e+04
1.195299999999998363e+04
1.199429999999998472e+04
1.173329999999998654e+04
1.190079999999998472e+04
1.194169999999998618e+04
1.188669999999998436e+04
1.191479999999998290e+04
1.191699999999998545e+04
1.188709999999998399e+04
1.186679999999998472e+04
1.180139999999998508e+04
1.206789999999998145e+04
1.174389999999998508e+04
1.187259999999998217e+04
1.180539999999998508e+04
1.204149999999998181e+04
1.202209999999998217e+04
1.202559999999998399e+04
1.197099999999998363e+04
1.201339999999998327e+04
1.158149999999998909e+04
1.193139999999998508e+04
1.189089999999998508e+04
1.206139999999998327e+04
1.193659999999998399e+04
1.177749999999998545e+04
1.183559999999998399e+04
1.194829999999998290e+04
1.207079999999998472e+04
1.200159999999998399e+04
1.200169999999998436e+04
1.194509999999998581e+04
1.187119999999998618e+04
1.194449999999998363e+04
1.185389999999998327e+04
1.192839999999998690e+04
1.186889999999998508e+04
1.197649999999998363e+04
1.205749999999998545e+04
1.187749999999998363e+04
1.190759999999998763e+04
1.183119999999998254e+04
1.190819999999998254e+04
1.186459999999998581e+04
1.197369999999998618e+04
1.209059999999998399e+04
1.203089999999998327e+04
1.207789999999998145e+04
1.173799999999998545e+04
1.197729999999998472e+04
1.194999999999998727e+04
1.197559999999998399e+04
1.201639999999998508e+04
1.186699999999998363e+04
1.181939999999998327e+04
1.194799999999998545e+04
1.186749999999998545e+04
1.202869999999998618e+04
1.192129999999998290e+04
1.211149999999998363e+04
1.181949999999998727e+04
1.165929999999998472e+04
1.207329999999998290e+04
1.192969999999998618e+04
1.197869999999998618e+04
1.178399999999998545e+04
1.191079999999998472e+04
1.193719999999998436e+04
1.188139999999998327e+04
1.181439999999998508e+04
1.182449999999998545e+04
1.193169999999998436e+04
1.189559999999998581e+04
1.190709999999998399e+04
1.187419999999998436e+04
1.200879999999998290e+04
1.183859999999998399e+04
1.196499999999998363e+04
1.185449999999998363e+04
1.195119999999998254e+04
1.200549999999998363e+04
1.201969999999998436e+04
1.197369999999998436e+04
1.202519999999998618e+04
1.185769999999998436e+04
1.197619999999998618e+04
1.193369999999998436e+04
1.191909999999998581e+04
1.199579999999998290e+04
1.185159999999998581e+04
1.180909999999998581e+04
1.177159999999998399e+04
1.180159999999998763e+04
1.163329999999998654e+04
1.193149999999998545e+04
1.170649999999998545e+04
1.179309999999998399e+04
1.163139999999998508e+04
1.187609999999998581e+04
1.196979999999998654e+04
1.187859999999998399e+04
1.181909999999998763e+04
1.202019999999998436e+04
1.187999999999998181e+04
1.186429999999998654e+04
1.198049999999998363e+04
1.181379999999998654e+04
1.181309999999998763e+04
1.207799999999998363e+04
1.198429999999998654e+04
1.201869999999998436e+04
1.192489999999998508e+04
1.200799999999998545e+04
1.208729999999998290e+04
1.191849999999998363e+04
1.191989999999998508e+04
1.187829999999998654e+04
1.207859999999998399e+04
1.197969999999998618e+04
1.192989999999998508e+04
1.193769999999998436e+04
1.199509999999998399e+04
1.171539999999998327e+04
1.191309999999998399e+04
1.215359999999998399e+04
1.211699999999998181e+04
1.199469999999998436e+04
1.196179999999998472e+04
1.179289999999998508e+04
1.193989999999998508e+04
1.183189999999998508e+04
1.186619999999998618e+04
1.190809999999998581e+04
1.197899999999998545e+04
1.194399999999998363e+04
1.182389999999998690e+04
1.192089999999998508e+04
1.202299999999998363e+04
1.203359999999998399e+04
1.177119999999998436e+04
1.206859999999998399e+04
1.207859999999998217e+04
1.190689999999998690e+04
1.175529999999998472e+04
1.200739999999998508e+04
1.202959999999998399e+04
1.210529999999998290e+04
1.197789999999998508e+04
1.186979999999998472e+04
1.195859999999998581e+04
1.165949999999998545e+04
1.196319999999998618e+04
1.193919999999998436e+04
1.196279999999998290e+04
1.203299999999998363e+04
1.203189999999998508e+04
1.196529999999998108e+04
1.202159999999998399e+04
1.199919999999998618e+04
1.194359999999998763e+04
1.189699999999998545e+04
1.194889999999998327e+04
1.180309999999998581e+04
1.187999999999998545e+04
1.189289999999998508e+04
1.205979999999998654e+04
1.204359999999998399e+04
1.202829999999998472e+04
1.193759999999998581e+04
1.188959999999998581e+04
1.185659999999998399e+04
1.193509999999998581e+04
1.209049999999998363e+04
1.207329999999998472e+04
1.181699999999998545e+04
1.175109999999998581e+04
1.200359999999998399e+04
1.186389999999998327e+04
1.178689999999998508e+04
1.189479999999998290e+04
1.192589999999998508e+04
1.209179999999998472e+04
1.202739999999998508e+04
1.204299999999998181e+04
1.195739999999998508e+04
1.173239999999998327e+04
1.200009999999998399e+04
1.207539999999998508e+04
1.205919999999998072e+04
1.205479999999998108e+04
1.203399999999998363e+04
1.206859999999998217e+04
1.201559999999998399e+04
1.177349999999998727e+04
1.207919999999998436e+04
1.188549999999998545e+04
1.197429999999998654e+04
1.190929999999998654e+04
1.204789999999998327e+04
1.178519999999998436e+04
1.178899999999998727e+04
1.192009999999998581e+04
1.202289999999998508e+04
1.198279999999998654e+04
1.181009999999998399e+04
1.199929999999998290e+04
1.193949999999998363e+04
1.192239999999998690e+04
1.210509999999998217e+04
1.201279999999998290e+04
1.199609999999998581e+04
1.197319999999998436e+04
1.195689999999998508e+04
1.205639999999998327e+04
1.192929999999998472e+04
1.198329999999998472e+04
1.193479999999998654e+04
1.182639999999998508e+04
1.189799999999998363e+04
1.189259999999998581e+04
1.198849999999998545e+04
1.184889999999998690e+04
1.202869999999998254e+04
1.202429999999998290e+04
1.208719999999998436e+04
1.191369999999998436e+04
1.194699999999998545e+04
1.212179999999998472e+04
1.200769999999998436e+04
1.200369999999998436e+04
1.199269999999998618e+04
1.202969999999998436e+04
1.188509999999998581e+04
1.180769999999998436e+04
1.193289999999998508e+04
1.189259999999998581e+04
1.195419999999998436e+04
1.199519999999998436e+04
1.207719999999998436e+04
1.198389999999998508e+04
1.209869999999998254e+04
1.184729999999998472e+04
1.199929999999998290e+04
1.198309999999998399e+04
1.187349999999998545e+04
1.200769999999998618e+04
1.207069999999998436e+04
1.176959999999998763e+04
1.198099999999998545e+04
1.204509999999998217e+04
1.197899999999998727e+04
1.185969999999998436e+04
1.196569999999998436e+04
1.199129999999998654e+04
1.186699999999998363e+04
1.197339999999998508e+04
1.199689999999998327e+04
1.194129999999998654e+04
1.197539999999998508e+04
1.184329999999998472e+04
1.198479999999998472e+04
1.195119999999998436e+04
1.203849999999998363e+04
1.202319999999998254e+04
1.201959999999998217e+04
1.190539999999998508e+04
1.189159999999998581e+04
1.195129999999998654e+04
1.184899999999998545e+04
1.198919999999998254e+04
1.196789999999998508e+04
1.205339999999998145e+04
1.199889999999998145e+04
1.190889999999998690e+04
1.199129999999998654e+04
1.205419999999998436e+04
1.192379999999998472e+04
1.198749999999998545e+04
1.205679999999998472e+04
1.203739999999998508e+04
1.183359999999998581e+04
1.203979999999998472e+04
1.195049999999998545e+04
1.192899999999998727e+04
1.194529999999998472e+04
1.208679999999998290e+04
1.196019999999998436e+04
1.194939999999998327e+04
1.184269999999998436e+04
1.205099999999998545e+04
1.191779999999998654e+04
1.190769999999998618e+04
1.187809999999998399e+04
1.206429999999998472e+04
1.195259999999998399e+04
1.194629999999998472e+04
1.210499999999998363e+04
1.179049999999998727e+04
1.189989999999998508e+04
1.204339999999998327e+04
1.197719999999998436e+04
1.193049999999998363e+04
1.180989999999998508e+04
1.187979999999998472e+04
1.195539999999998508e+04
1.197529999999998472e+04
1.202679999999998472e+04
1.195449999999998363e+04
1.200729999999998472e+04
1.202189999999998508e+04
1.190359999999998581e+04
1.190589999999998327e+04
1.195939999999998508e+04
1.197899999999998363e+04
1.204159999999998399e+04
1.207839999999998508e+04
1.203439999999998327e+04
1.191419999999998618e+04
1.207519999999998436e+04
1.193539999999998508e+04
1.207549999999998545e+04
1.193939999999998508e+04
1.202389999999998508e+04
1.210049999999998363e+04
1.203479999999998290e+04
1.206339999999998327e+04
1.190939999999998508e+04
1.192059999999998217e+04
1.186369999999998618e+04
1.205019999999998254e+04
1.210169999999998436e+04
1.200319999999998436e+04
1.200549999999998545e+04
1.201129999999998472e+04
1.192309999999998581e+04
1.198109999999998581e+04
1.196259999999998035e+04
1.194939999999998508e+04
1.194959999999998399e+04
1.199889999999998508e+04
1.207689999999998508e+04
1.196829999999998472e+04
1.198119999999998618e+04
1.187439999999998508e+04
1.197569999999998436e+04
1.197099999999998363e+04
1.207639999999998327e+04
1.200889999999998508e+04
1.199789999999998508e+04
1.181939999999998508e+04
1.195029999999998290e+04
1.187489999999998508e+04
1.189839999999998690e+04
1.193579999999998654e+04
1.193239999999998508e+04
1.195939999999998508e+04
1.194759999999998581e+04
1.202309999999998217e+04
1.206849999999998545e+04
1.203139999999998327e+04
1.196499999999998545e+04
1.197689999999998508e+04
1.187999999999998545e+04
1.198019999999998436e+04
1.204779999999998472e+04
1.196729999999998472e+04
1.203539999999998327e+04
1.203689999999998508e+04
1.204259999999998399e+04
1.164239999999998508e+04
1.197719999999998618e+04
1.182389999999998508e+04
1.200659999999998399e+04
1.211689999999998327e+04
1.199769999999998436e+04
1.182109999999998399e+04
1.209389999999998327e+04
1.215049999999998363e+04
1.198159999999998399e+04
1.197349999999998545e+04
1.198319999999998436e+04
1.192709999999998581e+04
1.190759999999998581e+04
1.202449999999998363e+04
1.198349999999998545e+04
1.197189999999998690e+04
1.195609999999998763e+04
1.193999999999998545e+04
1.195849999999998545e+04
1.193559999999998581e+04
1.204099999999998545e+04
1.188059999999998399e+04
1.200909999999998399e+04
1.211139999999998327e+04
1.193669999999998618e+04
1.207689999999998508e+04
1.209109999999998399e+04
1.200719999999998436e+04
1.199549999999998363e+04
1.192579999999998472e+04
1.196089999999998508e+04
1.201609999999998217e+04
1.202279999999998472e+04
1.201389999999998327e+04
1.190559999999998581e+04
1.187639999999998145e+04
1.191109999999998581e+04
1.172309999999998399e+04
1.202709999999998399e+04
1.191749999999998545e+04
1.197839999999998327e+04
1.197739999999998508e+04
1.189299999999998727e+04
1.200679999999998290e+04
1.178069999999998618e+04
1.195189999999998327e+04
1.186459999999998581e+04
1.198079999999998472e+04
1.201309999999998399e+04
1.205389999999998508e+04
1.210859999999998217e+04
1.199069999999998254e+04
1.207249999999998363e+04
1.191749999999998545e+04
1.200159999999998399e+04
1.207039999999998327e+04
1.203809999999998399e+04
1.212709999999998399e+04
1.198169999999998436e+04
1.207259999999998217e+04
1.186579999999998290e+04
1.195759999999998581e+04
1.200849999999998545e+04
1.199279999999998290e+04
1.203179999999998472e+04
1.202179999999998290e+04
1.208589999999998327e+04
1.193559999999998581e+04
1.187299999999998545e+04
1.203059999999998581e+04
1.184279999999998472e+04
1.199759999999998581e+04
1.199369999999998436e+04
1.197599999999998545e+04
1.199249999999998363e+04
1.204159999999998399e+04
1.215669999999998254e+04
1.203519999999998436e+04
1.205779999999998472e+04
1.196849999999998545e+04
1.199069999999998618e+04
1.190299999999998545e+04
1.205459999999998581e+04
1.195649999999998545e+04
1.199499999999998363e+04
1.194299999999998545e+04
1.196779999999998472e+04
1.200489999999998508e+04
1.177329999999998472e+04
1.187679999999998472e+04
1.205709999999998399e+04
1.200959999999998217e+04
1.203789999999998508e+04
1.192839999999998690e+04
1.198919999999998799e+04
1.200379999999998472e+04
1.190569999999998618e+04
1.200919999999998436e+04
1.188849999999998545e+04
1.203679999999998290e+04
1.203179999999998654e+04
1.202629999999998472e+04
1.193169999999998436e+04
1.199899999999998545e+04
1.209269999999998254e+04
1.207949999999998363e+04
1.197629999999998472e+04
1.208689999999998508e+04
1.192619999999998618e+04
1.191019999999998618e+04
1.188819999999998618e+04
1.213279999999998290e+04
1.200669999999998436e+04
1.205209999999998399e+04
1.211009999999998399e+04
1.182649999999998545e+04
1.207449999999998181e+04
1.184229999999998290e+04
1.203559999999998581e+04
1.202069999999998618e+04
1.196479999999998472e+04
1.189459999999998581e+04
1.199599999999998545e+04
1.192269999999998618e+04
1.193579999999998654e+04
1.199339999999998508e+04
1.193929999999998472e+04
1.205419999999998436e+04
1.203059999999998399e+04
1.198819999999998436e+04
1.204549999999998181e+04
1.203649999999998545e+04
1.215779999999998290e+04
1.198949999999998363e+04
1.202179999999998472e+04
1.208589999999998508e+04
1.196629999999998472e+04
1.187009999999998581e+04
1.206569999999998436e+04
1.202489999999998327e+04
1.207819999999998254e+04
1.206599999999998181e+04
1.203979999999998472e+04
1.203059999999998581e+04
1.214009999999998399e+04
1.203499999999998363e+04
1.193399999999998545e+04
1.210519999999998436e+04
1.202709999999998581e+04
1.199339999999998327e+04
1.205529999999998472e+04
1.200549999999998363e+04
1.217189999999998327e+04
1.190859999999998399e+04
1.206759999999998399e+04
1.182619999999998254e+04
1.211719999999998436e+04
1.204569999999998618e+04
1.201599999999998545e+04
1.202059999999998581e+04
1.194359999999998581e+04
1.191499999999998545e+04
1.208649999999998181e+04
1.193779999999998472e+04
1.208529999999998290e+04
1.207169999999998436e+04
1.204029999999998472e+04
1.195049999999998363e+04
1.202379999999998472e+04
1.182319999999998618e+04
1.207149999999998363e+04
1.193859999999998399e+04
1.200869999999998436e+04
1.187479999999998290e+04
1.197989999999998690e+04
1.212969999999998618e+04
1.205369999999998436e+04
1.196359999999998581e+04
1.193449999999998363e+04
1.199989999999998508e+04
1.201659999999998399e+04
1.195639999999998508e+04
1.202829999999998472e+04
1.193079999999998472e+04
1.203899999999998363e+04
1.213859999999998217e+04
1.192269999999998254e+04
1.156949999999998545e+04
1.188989999999998690e+04
1.198009999999998581e+04
1.206509999999998399e+04
1.206409999999998399e+04
1.199589999999998508e+04
1.185659999999998399e+04
1.194149999999998545e+04
1.214919999999998436e+04
1.205569999999998436e+04
1.207539999999998508e+04
1.194679999999998472e+04
1.208529999999998290e+04
1.198859999999998581e+04
1.205319999999998254e+04
1.196479999999998290e+04
1.193829999999998290e+04
1.196129999999998654e+04
1.200609999999998763e+04
1.202049999999998727e+04
1.208539999999998327e+04
1.208619999999998254e+04
1.197639999999998508e+04
1.205779999999998290e+04
1.196789999999998508e+04
1.202009999999998399e+04
1.206569999999998254e+04
1.209559999999998217e+04
1.203639999999998508e+04
1.202679999999998472e+04
1.189479999999998472e+04
1.202679999999998472e+04
1.212429999999998472e+04
1.187309999999998581e+04
1.204529999999998290e+04
1.201739999999998327e+04
1.211609999999998399e+04
1.182609999999998581e+04
1.174129999999998472e+04
1.200619999999998436e+04
1.186249999999998363e+04
1.202519999999998436e+04
1.201439999999998508e+04
1.191159999999998217e+04
1.200509999999998217e+04
1.206279999999998472e+04
1.210749999999998363e+04
1.203739999999998327e+04
1.212879999999998290e+04
1.197569999999998618e+04
1.193619999999998436e+04
1.198319999999998436e+04
1.210719999999998254e+04
1.211089999999998327e+04
1.206329999999998290e+04
1.212159999999998399e+04
1.208949999999998181e+04
1.198889999999998508e+04
1.209379999999998290e+04
1.209339999999998145e+04
1.196149999999998545e+04
1.203329999999998472e+04
1.205789999999998327e+04
1.203569999999998436e+04
1.194519999999998618e+04
1.203409999999998217e+04
1.206759999999998581e+04
1.202969999999998254e+04
1.207129999999998290e+04
1.207929999999998472e+04
1.214329999999998290e+04
1.198989999999998508e+04
1.204409999999998399e+04
1.203709999999998399e+04
1.192309999999998399e+04
1.210219999999998254e+04
1.174809999999998581e+04
1.204239999999998327e+04
1.189649999999998545e+04
1.212949999999998363e+04
1.210379999999998290e+04
1.202759999999998217e+04
1.206279999999998290e+04
1.194409999999998399e+04
1.199429999999998472e+04
1.196389999999998508e+04
1.213449999999998363e+04
1.207529999999998108e+04
1.210119999999998254e+04
1.208129999999998290e+04
1.207689999999998327e+04
1.201849999999998363e+04
1.213199999999998363e+04
1.186519999999998618e+04
1.202269999999998618e+04
1.189149999999998545e+04
1.211069999999998436e+04
1.209669999999998254e+04
1.203399999999998545e+04
1.211959999999998399e+04
1.211909999999998399e+04
1.202019999999998436e+04
1.198579999999998472e+04
1.188059999999998581e+04
1.202019999999998254e+04
1.208839999999998327e+04
1.202609999999998399e+04
1.201489999999998508e+04
1.199989999999998690e+04
1.200549999999998545e+04
1.183439999999998690e+04
1.194079999999998654e+04
1.178299999999998363e+04
1.193489999999998327e+04
1.201749999999998545e+04
1.210809999999998217e+04
1.207699999999998363e+04
1.198389999999998508e+04
1.200639999999998327e+04
1.193509999999998581e+04
1.186849999999998727e+04
1.196499999999998363e+04
1.204179999999998472e+04
1.207529999999998290e+04
1.207869999999998436e+04
1.195329999999998472e+04
1.191729999999998654e+04
1.203909999999998399e+04
1.205509999999998581e+04
1.202059999999998399e+04
1.204739999999998327e+04
1.196959999999998581e+04
1.211529999999998290e+04
1.203499999999998545e+04
1.200969999999998436e+04
1.203099999999998181e+04
1.206479999999998472e+04
1.200299999999998545e+04
1.207939999999998327e+04
1.212479999999998290e+04
1.197149999999998545e+04
1.197709999999998581e+04
1.210729999999998290e+04
1.213879999999998472e+04
1.212779999999998290e+04
1.202499999999998545e+04
1.187099999999998363e+04
1.206489999999998145e+04
1.198609999999998217e+04
1.207039999999998327e+04
1.212579999999998290e+04
1.202529999999998472e+04
1.209839999999998508e+04
1.172909999999998581e+04
1.204029999999998290e+04
1.201849999999998363e+04
1.204129999999998290e+04
1.212019999999998436e+04
1.196549999999998545e+04
1.186879999999998290e+04
1.205139999999998327e+04
1.206199999999998181e+04
1.207619999999998436e+04
1.212899999999998363e+04
1.203189999999998508e+04
1.208499999999998363e+04
1.206899999999998363e+04
1.206319999999998436e+04
1.199589999999998508e+04
1.207349999999998181e+04
1.208669999999998436e+04
1.199699999999998545e+04
1.207819999999998254e+04
1.204029999999998290e+04
1.197789999999998690e+04
1.197869999999998618e+04
1.209149999999998545e+04
1.209599999999998545e+04
1.200169999999998618e+04
1.201159999999998399e+04
1.201599999999998545e+04
1.205799999999998363e+04
1.199259999999998399e+04
1.196059999999998399e+04
1.196999999999998727e+04
1.210969999999998254e+04
1.203059999999998035e+04
1.199109999999998399e+04
1.195209999999998581e+04
1.210549999999998363e+04
1.202719999999998618e+04
1.206179999999998290e+04
1.204779999999998472e+04
1.201899999999998545e+04
1.196109999999998399e+04
1.203939999999998327e+04
1.211529999999998290e+04
1.211139999999998508e+04
1.197589999999998327e+04
1.197439999999998327e+04
1.202299999999998545e+04
1.205199999999998727e+04
1.192829999999998654e+04
1.204779999999998472e+04
1.209439999999998508e+04
1.211939999999998327e+04
1.182419999999998436e+04
1.210229999999998472e+04
1.199829999999998472e+04
1.215139999999998508e+04
1.206599999999997999e+04
1.200119999999998436e+04
1.205019999999998436e+04
1.206479999999998290e+04
1.204269999999998254e+04
1.203169999999998618e+04
1.211569999999998436e+04
1.208659999999998581e+04
1.201179999999998654e+04
1.207629999999998290e+04
1.203089999999998327e+04
1.206589999999998327e+04
1.203559999999998581e+04
1.212719999999998436e+04
1.210849999999998363e+04
1.201339999999998327e+04
1.199329999999998654e+04
1.201439999999998327e+04
1.200739999999998327e+04
1.207349999999998363e+04
1.195399999999998545e+04
1.202619999999998254e+04
1.199589999999998327e+04
1.212099999999998545e+04
1.195379999999998654e+04
1.210369999999998618e+04
1.216569999999998436e+04
1.206299999999998545e+04
1.212069999999998436e+04
1.192329999999998472e+04
1.208469999999998436e+04
1.196759999999998399e+04
1.204269999999998618e+04
1.213429999999998472e+04
1.212689999999998327e+04
1.209879999999998290e+04
1.204299999999998545e+04
1.208359999999998217e+04
1.197539999999998690e+04
1.209339999999998327e+04
1.211339999999998327e+04
1.204069999999998436e+04
1.197299999999998363e+04
1.200169999999998436e+04
1.213279999999998290e+04
1.193429999999998472e+04
1.211129999999998290e+04
1.212289999999998508e+04
1.209799999999998363e+04
1.207599999999998363e+04
1.211079999999998290e+04
1.204729999999998290e+04
1.205999999999998181e+04
1.208819999999998436e+04
1.208729999999998290e+04
1.210879999999998290e+04
1.210929999999998290e+04
1.206539999999998327e+04
1.196639999999998508e+04
1.204269999999998618e+04
1.187109999999998217e+04
1.211749999999998363e+04
1.200029999999998472e+04
1.196169999999998618e+04
1.207159999999998399e+04
1.209609999999998399e+04
1.201029999999998472e+04
1.210359999999998217e+04
1.203949999999998545e+04
1.209879999999998290e+04
1.206129999999998290e+04
1.207949999999998181e+04
1.215479999999998108e+04
1.211699999999998181e+04
1.207469999999998254e+04
1.215529999999998290e+04
1.213139999999998327e+04
1.209519999999998436e+04
1.193089999999998327e+04
1.207789999999998690e+04
1.207859999999998399e+04
1.201769999999998254e+04
1.189409999999998581e+04
1.211579999999998290e+04
1.188769999999998436e+04
1.195579999999998654e+04
1.215909999999998399e+04
1.211929999999998290e+04
1.200549999999998545e+04
1.207049999999998545e+04
1.212299999999998363e+04
1.210239999999998327e+04
1.208279999999998108e+04
1.208479999999998654e+04
1.205369999999998436e+04
1.197619999999998254e+04
1.209419999999998436e+04
1.195759999999998399e+04
1.215809999999998217e+04
1.196309999999998581e+04
1.209369999999998072e+04
1.210719999999998254e+04
1.209539999999998508e+04
1.208149999999998181e+04
1.203159999999998581e+04
1.210839999999998508e+04
1.206729999999998654e+04
1.208259999999998217e+04
1.212749999999998363e+04
1.209799999999998363e+04
1.210359999999998399e+04
1.207159999999998399e+04
1.203779999999998290e+04
1.205969999999998436e+04
1.204289999999998508e+04
1.209679999999998290e+04
1.202189999999998508e+04
1.212089999999998327e+04
1.202949999999998545e+04
1.214059999999998217e+04
1.201539999999998508e+04
1.209489999999998508e+04
1.216989999999998327e+04
1.211979999999998472e+04
1.206629999999998290e+04
1.200359999999998399e+04
1.190749999999998545e+04
1.210089999999998508e+04
1.217529999999998290e+04
1.205389999999998327e+04
1.199089999999998690e+04
1.208259999999998581e+04
1.203819999999998254e+04
1.189939999999998327e+04
1.201549999999998545e+04
1.212369999999998436e+04
1.202399999999998545e+04
1.202549999999998545e+04
1.214759999999998217e+04
1.208909999999998399e+04
1.206879999999998290e+04
1.186339999999998690e+04
1.205249999999998545e+04
1.214839999999998327e+04
1.213689999999998327e+04
1.213129999999998472e+04
1.203669999999998436e+04
1.188559999999998399e+04
1.200989999999998508e+04
1.210909999999998399e+04
1.209169999999998436e+04
1.203989999999998508e+04
1.205929999999998290e+04
1.208739999999998327e+04
1.213299999999998363e+04
1.211739999999998327e+04
1.208509999999998581e+04
1.195799999999998545e+04
1.203819999999998436e+04
1.197919999999998436e+04
1.207479999999998472e+04
1.206549999999998363e+04
1.207699999999998545e+04
1.211189999999998508e+04
1.192209999999998581e+04
1.215189999999998327e+04
1.217979999999998472e+04
1.210759999999998399e+04
1.201549999999998363e+04
1.202289999999998508e+04
1.205709999999998399e+04
1.204689999999998508e+04
1.211349999999998363e+04
1.207309999999998399e+04
1.214259999999998581e+04
1.207939999999998508e+04
1.201589999999998508e+04
1.208269999999998436e+04
1.214829999999998290e+04
1.210459999999998399e+04
1.210539999999998145e+04
1.213999999999998363e+04
1.206949999999998181e+04
1.205229999999998290e+04
1.203139999999998690e+04
1.206269999999998436e+04
1.186219999999998799e+04
1.215539999999998508e+04
1.212359999999998581e+04
1.208289999999998327e+04
1.216279999999998472e+04
1.208189999999998508e+04
1.206099999999998545e+04
1.211039999999998327e+04
1.214929999999998290e+04
1.205629999999998472e+04
1.208149999999998545e+04
1.212319999999998436e+04
1.206679999999998654e+04
1.207059999999998581e+04
1.203869999999998436e+04
1.206659999999998399e+04
1.212829999999998472e+04
1.204749999999998545e+04
1.206489999999998327e+04
1.197549999999998545e+04
1.209579999999998290e+04
1.216069999999998618e+04
1.208159999999998399e+04
1.211379999999998290e+04
1.212969999999998254e+04
1.211819999999998436e+04
1.203159999999998581e+04
1.198669999999998618e+04
1.216659999999998399e+04
1.213979999999998472e+04
1.213499999999998363e+04
1.208099999999998363e+04
1.199479999999998472e+04
1.210059999999998581e+04
1.197899999999998545e+04
1.206519999999998436e+04
1.206749999999998545e+04
1.210869999999998436e+04
1.206689999999998508e+04
1.210329999999998472e+04
1.209759999999998399e+04
1.195289999999998690e+04
1.215209999999998581e+04
1.206959999999998581e+04
1.205989999999998508e+04
1.198769999999998799e+04
1.206539999999998508e+04
1.211639999999998508e+04
1.207389999999998508e+04
1.211899999999998545e+04
1.210109999999998217e+04
1.211169999999998618e+04
1.214489999999998327e+04
1.214259999999998399e+04
1.209679999999998290e+04
1.212169999999998254e+04
1.193559999999998581e+04
1.216369999999998254e+04
1.209589999999998327e+04
1.214769999999998254e+04
1.192909999999998399e+04
1.216739999999998508e+04
1.210529999999998472e+04
1.209349999999997999e+04
1.208579999999998472e+04
1.208519999999998254e+04
1.212889999999998327e+04
1.203899999999998363e+04
1.200659999999998399e+04
1.204239999999998327e+04
1.213309999999998399e+04
1.192499999999998545e+04
1.198419999999998618e+04
1.205259999999998399e+04
1.200839999999998327e+04
1.202519999999998436e+04
1.207889999999998508e+04
1.207169999999998436e+04
1.213319999999998618e+04
1.208649999999998363e+04
1.210779999999998472e+04
1.210959999999998399e+04
1.213089999999998327e+04
1.207649999999998545e+04
1.196329999999998472e+04
1.208969999999998436e+04
1.204529999999998290e+04
1.201569999999998436e+04
1.207849999999998363e+04
1.193459999999998581e+04
1.210139999999998327e+04
1.212749999999998363e+04
1.211959999999998399e+04
1.209519999999998436e+04
1.210549999999998181e+04
1.202239999999998327e+04
1.214509999999998217e+04
1.213059999999998399e+04
1.212869999999998072e+04
1.216669999999998254e+04
1.214529999999998472e+04
1.209139999999998327e+04
1.214719999999998618e+04
1.205949999999998363e+04
1.207069999999998436e+04
1.211349999999998363e+04
1.205119999999998618e+04
1.197139999999998508e+04
1.214149999999998545e+04
1.201919999999998618e+04
1.202959999999998399e+04
1.216079999999998290e+04
1.209629999999998290e+04
1.198359999999998581e+04
1.214959999999998581e+04
1.212799999999998181e+04
1.212719999999998436e+04
1.211399999999998545e+04
1.205949999999998545e+04
1.205209999999998399e+04
1.212109999999998399e+04
1.216389999999998327e+04
1.210459999999998399e+04
1.194339999999998690e+04
1.207769999999998436e+04
1.204339999999998327e+04
1.205519999999998618e+04
1.209939999999998327e+04
1.209309999999998035e+04
1.215139999999998508e+04
1.208549999999998363e+04
1.201189999999998508e+04
1.208459999999998581e+04
1.182969999999998618e+04
1.212279999999998290e+04
1.202439999999998508e+04
1.209019999999998436e+04
1.205219999999998436e+04
1.207009999999998399e+04
1.207479999999998472e+04
1.213289999999998508e+04
1.212279999999998290e+04
1.208479999999998472e+04
1.207519999999998436e+04
1.198719999999998618e+04
1.216979999999998472e+04
1.216849999999998363e+04
1.188389999999998508e+04
1.203529999999998472e+04
1.214349999999998363e+04
1.208529999999998472e+04
1.216039999999998145e+04
1.210039999999998508e+04
1.213819999999998436e+04
1.209939999999998327e+04
1.208469999999998436e+04
1.208539999999998327e+04
1.213529999999998290e+04
1.214359999999998399e+04
1.205369999999998618e+04
1.202549999999998545e+04
1.209679999999998290e+04
1.207909999999998399e+04
1.200089999999998508e+04
1.212619999999998254e+04
1.201579999999998472e+04
1.213879999999998472e+04
1.204759999999998217e+04
1.213279999999998108e+04
1.212889999999998327e+04
1.217059999999998581e+04
1.212109999999998399e+04
1.210499999999998545e+04
1.213669999999998436e+04
1.207679999999998472e+04
1.191319999999998436e+04
1.211509999999998399e+04
1.214949999999998363e+04
1.206169999999998436e+04
1.218489999999998508e+04
1.212549999999998363e+04
1.210409999999998581e+04
1.206679999999998472e+04
1.209749999999998363e+04
1.216279999999998290e+04
1.210529999999998290e+04
1.208899999999998363e+04
1.196749999999998181e+04
1.215979999999998472e+04
1.211299999999998545e+04
1.213669999999998254e+04
1.208859999999998399e+04
1.195189999999998690e+04
1.210669999999998618e+04
1.204019999999998254e+04
1.214799999999998545e+04
1.213939999999998327e+04
1.216729999999998108e+04
1.212649999999998363e+04
1.214429999999998290e+04
1.215569999999998254e+04
1.201479999999998290e+04
1.199579999999998472e+04
1.205869999999998436e+04
1.209069999999998254e+04
1.207189999999998327e+04
1.207039999999998327e+04
1.208429999999998290e+04
1.213309999999998399e+04
1.216059999999998399e+04
1.191089999999998690e+04
1.209249999999998545e+04
1.214739999999998327e+04
1.210859999999998217e+04
1.192809999999998581e+04
1.205049999999998545e+04
1.211689999999998327e+04
1.202779999999998472e+04
1.211929999999998472e+04
1.207129999999998472e+04
1.204529999999998472e+04
1.205729999999998472e+04
1.206289999999998508e+04
1.212039999999998508e+04
1.214189999999998690e+04
1.213719999999998436e+04
1.215909999999998217e+04
1.208739999999998327e+04
1.215029999999998290e+04
1.196099999999998363e+04
1.209629999999998472e+04
1.211329999999998472e+04
1.216149999999998363e+04
1.193029999999998472e+04
1.212359999999998581e+04
1.218939999999998508e+04
1.210359999999998399e+04
1.215359999999998399e+04
1.218789999999998508e+04
1.216049999999998363e+04
1.215799999999998363e+04
1.207149999999998545e+04
1.210269999999998254e+04
1.210519999999998436e+04
1.204699999999998363e+04
1.212359999999998581e+04
1.214169999999998436e+04
1.212189999999998327e+04
1.205319999999998436e+04
1.212049999999998363e+04
1.211909999999998399e+04
1.205729999999998472e+04
1.193139999999998327e+04
1.210019999999998254e+04
1.203019999999998618e+04
1.214869999999998436e+04
1.217149999999998363e+04
1.207369999999998436e+04
1.212969999999998436e+04
1.207989999999998145e+04
1.215959999999998399e+04
1.205049999999998181e+04
1.208419999999998618e+04
1.204499999999998545e+04
1.212339999999998327e+04
1.205499999999998363e+04
1.207529999999998472e+04
1.206069999999998618e+04
1.214329999999998472e+04
1.212749999999998363e+04
1.218329999999998472e+04
1.205909999999998399e+04
1.218649999999998363e+04
1.212539999999998508e+04
1.214949999999998363e+04
1.216309999999998399e+04
1.212729999999998472e+04
1.217559999999998399e+04
1.211939999999998508e+04
1.215519999999998436e+04
1.209309999999998399e+04
1.213279999999998290e+04
1.209369999999998254e+04
1.203129999999998654e+04
1.215619999999998436e+04
1.217739999999998327e+04
1.208439999999998327e+04
1.213929999999998472e+04
1.212979999999998290e+04
1.214819999999998254e+04
1.216359999999998399e+04
1.211159999999998399e+04
1.208109999999998399e+04
1.213389999999998508e+04
1.211469999999998436e+04
1.200759999999998399e+04
1.208399999999998545e+04
1.216069999999998436e+04
1.203949999999998363e+04
1.215119999999998436e+04
1.213759999999998399e+04
1.188509999999998581e+04
1.207079999999998472e+04
1.213089999999998327e+04
1.205859999999998399e+04
1.201139999999998508e+04
1.206049999999998363e+04
1.214309999999998399e+04
1.204899999999998363e+04
1.212139999999998508e+04
1.215089999999998327e+04
1.212719999999998436e+04
1.206719999999998436e+04
1.210099999999998363e+04
1.214129999999998472e+04
1.217799999999998181e+04
1.199509999999998581e+04
1.204869999999998436e+04
1.216199999999998363e+04
1.212539999999998508e+04
1.209749999999998363e+04
1.208569999999998436e+04
1.211749999999998181e+04
1.212979999999998472e+04
1.216199999999998545e+04
1.208989999999998327e+04
1.209599999999998545e+04
1.213859999999998399e+04
1.211169999999998436e+04
1.209319999999998436e+04
1.211509999999998399e+04
1.215359999999998399e+04
1.214759999999998399e+04
1.216499999999998363e+04
1.209539999999998327e+04
1.213489999999998508e+04
1.211389999999998508e+04
1.217569999999998254e+04
1.208189999999998327e+04
1.215099999999998545e+04
1.215929999999998290e+04
1.215599999999998545e+04
1.210169999999998436e+04
1.216129999999998472e+04
1.216949999999998363e+04
1.198859999999998399e+04
1.212789999999998508e+04
1.206899999999998363e+04
1.208139999999998508e+04
1.216509999999998399e+04
1.206199999999998545e+04
1.210069999999998436e+04
1.214709999999998399e+04
1.216679999999998290e+04
1.208599999999998363e+04
1.217619999999998254e+04
1.215349999999998363e+04
1.215539999999998508e+04
1.211649999999998545e+04
1.213599999999998545e+04
1.217799999999998363e+04
1.214589999999998327e+04
1.216609999999998217e+04
1.217069999999998254e+04
1.214179999999998290e+04
1.217149999999998545e+04
1.209359999999998399e+04
1.213999999999998181e+04
1.208529999999998472e+04
1.197889999999998690e+04
1.205459999999998399e+04
1.205409999999998399e+04
1.211199999999998363e+04
1.214559999999998399e+04
1.214729999999998472e+04
1.217759999999998399e+04
1.217539999999998327e+04
1.216759999999998399e+04
1.211229999999998290e+04
1.209879999999998472e+04
1.209049999999998545e+04
1.211559999999998399e+04
1.198629999999998472e+04
1.214689999999998327e+04
1.203079999999998472e+04
1.215319999999998436e+04
1.211739999999998327e+04
1.204299999999998545e+04
1.201179999999998472e+04
1.213239999999998508e+04
1.208069999999998618e+04
1.210739999999998327e+04
1.216939999999998327e+04
1.212719999999998254e+04
1.211489999999998327e+04
1.212699999999998545e+04
1.216629999999998472e+04
1.208489999999998327e+04
1.200139999999998508e+04
1.218479999999998290e+04
1.217689999999998690e+04
1.212699999999998363e+04
1.217599999999998545e+04
1.216899999999998181e+04
1.213979999999998290e+04
1.215099999999998545e+04
1.216109999999998399e+04
1.218279999999998472e+04
1.216739999999998508e+04
1.217109999999998217e+04
1.208179999999998472e+04
1.215739999999998508e+04
1.215209999999998399e+04
1.198369999999998436e+04
1.209089999999998327e+04
1.214599999999998545e+04
1.211319999999998436e+04
1.213149999999998363e+04
1.213099999999998545e+04
1.214439999999998327e+04
1.214249999999998545e+04
1.210139999999998327e+04
1.209319999999998436e+04
1.207329999999998472e+04
1.214939999999998508e+04
1.216279999999998472e+04
1.215749999999998363e+04
1.215309999999998217e+04
1.206369999999998436e+04
1.210149999999998363e+04
1.201389999999998508e+04
1.211719999999998436e+04
1.218149999999998363e+04
1.210789999999998327e+04
1.215129999999998472e+04
1.213959999999998399e+04
1.211119999999998618e+04
1.213239999999998508e+04
1.215909999999998217e+04
1.214199999999998545e+04
1.209309999999998581e+04
1.196879999999998472e+04
1.208319999999998618e+04
1.213659999999998399e+04
1.214009999999998399e+04
1.215669999999998436e+04
1.213659999999998399e+04
1.206769999999998436e+04
1.210299999999998363e+04
1.211989999999998508e+04
1.210809999999998399e+04
1.210739999999998508e+04
1.204339999999998508e+04
1.211719999999998436e+04
1.203089999999998327e+04
1.212359999999998399e+04
1.216379999999998290e+04
1.212949999999998363e+04
1.206119999999998436e+04
1.216779999999998290e+04
1.202069999999998436e+04
1.207289999999998327e+04
1.195039999999998508e+04
1.218499999999998363e+04
1.215869999999998436e+04
1.216959999999998399e+04
1.216449999999998545e+04
1.214739999999998327e+04
1.198119999999998436e+04
1.218379999999998472e+04
1.211749999999998545e+04
1.212309999999998399e+04
1.209479999999998472e+04
1.218199999999998545e+04
1.212159999999998399e+04
1.207309999999998399e+04
1.215279999999998472e+04
1.211719999999998436e+04
1.206649999999998363e+04
1.209979999999998290e+04
1.210999999999998363e+04
1.212319999999998436e+04
1.212549999999998545e+04
1.213659999999998399e+04
1.214939999999998508e+04
1.214909999999998581e+04
1.216299999999998363e+04
1.218349999999998363e+04
1.212519999999998436e+04
1.217769999999998436e+04
1.203949999999998545e+04
1.204219999999998436e+04
1.213539999999998508e+04
1.216509999999998399e+04
1.215919999999998436e+04
1.218169999999998436e+04
1.213449999999998363e+04
1.212849999999998545e+04
1.217129999999998290e+04
1.214619999999998618e+04
1.211459999999998581e+04
1.214139999999998327e+04
1.208299999999998363e+04
1.217149999999998363e+04
1.210109999999998399e+04
1.214289999999998327e+04
1.214439999999998327e+04
1.213799999999998545e+04
1.201689999999998327e+04
1.216479999999998654e+04
1.210459999999998217e+04
1.215449999999998545e+04
1.215359999999998399e+04
1.216499999999998545e+04
1.212349999999998363e+04
1.213559999999998399e+04
1.210819999999998436e+04
1.214869999999998254e+04
1.210409999999998399e+04
1.210219999999998254e+04
1.213759999999998399e+04
1.213769999999998618e+04
1.205189999999998327e+04
1.209979999999998290e+04
1.214929999999998290e+04
1.215119999999998436e+04
1.211219999999998436e+04
1.215579999999998472e+04
1.215949999999998363e+04
1.206629999999998654e+04
1.210429999999998290e+04
1.207139999999998508e+04
1.209489999999998327e+04
1.216159999999998399e+04
1.215709999999998399e+04
1.215309999999998399e+04
1.215339999999998327e+04
1.210749999999998363e+04
1.214349999999998363e+04
1.216569999999998436e+04
1.213919999999998436e+04
1.212599999999998545e+04
1.212939999999998508e+04
1.217149999999998181e+04
1.211139999999998327e+04
1.210979999999998472e+04
1.205199999999998545e+04
1.210319999999998254e+04
1.202359999999998399e+04
1.213949999999998181e+04
1.213629999999998472e+04
1.214319999999998436e+04
1.210099999999998363e+04
1.212799999999998363e+04
1.213949999999998545e+04
1.209659999999998399e+04
1.216939999999998327e+04
1.217349999999998363e+04
1.215169999999998436e+04
1.209529999999998472e+04
1.205739999999998690e+04
1.206569999999998436e+04
1.212199999999998363e+04
1.213669999999998436e+04
1.211519999999998254e+04
1.213889999999998508e+04
1.210389999999998327e+04
1.214519999999998436e+04
1.212359999999998399e+04
1.213229999999998472e+04
1.211459999999998399e+04
1.206469999999998436e+04
1.210369999999998436e+04
1.218369999999998436e+04
1.216939999999998508e+04
1.215149999999998363e+04
1.214569999999998436e+04
1.214549999999998545e+04
1.208909999999998399e+04
1.218199999999998545e+04
1.214099999999998363e+04
1.198749999999998545e+04
1.214329999999998472e+04
1.217609999999998581e+04
1.216539999999998508e+04
1.208799999999998545e+04
1.216289999999998145e+04
1.214069999999998254e+04
1.215919999999998436e+04
1.218119999999998436e+04
1.215739999999998327e+04
1.215769999999998436e+04
1.203399999999998363e+04
1.216759999999998399e+04
1.215799999999998545e+04
1.212769999999998436e+04
1.211919999999998436e+04
1.213719999999998618e+04
1.214519999999998436e+04
1.214989999999998508e+04
1.213659999999998399e+04
1.215109999999998399e+04
1.212919999999998436e+04
1.211279999999998472e+04
1.210349999999998545e+04
1.214979999999998472e+04
1.200609999999998581e+04
1.207619999999998436e+04
1.207729999999998290e+04
1.218489999999998327e+04
1.214209999999998399e+04
1.213969999999998618e+04
1.217489999999998327e+04
1.214939999999998327e+04
1.217709999999998581e+04
1.213069999999998436e+04
1.215949999999998545e+04
1.209909999999998399e+04
1.217569999999998436e+04
1.203529999999998472e+04
1.216039999999998508e+04
1.213609999999998399e+04
1.217999999999998363e+04
1.217769999999998254e+04
1.208989999999998508e+04
1.208979999999998472e+04
1.217759999999998399e+04
1.217629999999998290e+04
1.211259999999998399e+04
1.218909999999998399e+04
1.218529999999998472e+04
1.211889999999998508e+04
1.198959999999998763e+04
1.215369999999998436e+04
1.215749999999998363e+04
1.215519999999998436e+04
1.216579999999998472e+04
1.213219999999998254e+04
1.212799999999998363e+04
1.218789999999998508e+04
1.214759999999998399e+04
1.210959999999998399e+04
1.215129999999998472e+04
1.200009999999998399e+04
1.189929999999998472e+04
1.215579999999998472e+04
1.215019999999998254e+04
1.209339999999998508e+04
1.197999999999998545e+04
1.215949999999998363e+04
1.218499999999998545e+04
1.214679999999998290e+04
1.213739999999998327e+04
1.217219999999998436e+04
1.217149999999998363e+04
1.217089999999998508e+04
1.215549999999998363e+04
1.218139999999998508e+04
1.216819999999998436e+04
1.213379999999998472e+04
1.216389999999998327e+04
1.209349999999998363e+04
1.211559999999998581e+04
1.217569999999998436e+04
1.212949999999998363e+04
1.214069999999998254e+04
1.206519999999998436e+04
1.210609999999998217e+04
1.216369999999998436e+04
1.216769999999998436e+04
1.217699999999998363e+04
1.213129999999998472e+04
1.213299999999998545e+04
1.215739999999998327e+04
1.214129999999998472e+04
1.217749999999998545e+04
1.211849999999998545e+04
1.201199999999998545e+04
1.210579999999998472e+04
1.201899999999998545e+04
1.214319999999998436e+04
1.212709999999998399e+04
1.191769999999998618e+04
1.210169999999998436e+04
1.218649999999998363e+04
1.216159999999998399e+04
1.217309999999998399e+04
1.217399999999998545e+04
1.213489999999998327e+04
1.205359999999998581e+04
1.213459999999998399e+04
1.212269999999998618e+04
1.216879999999998290e+04
1.206609999999998399e+04
1.211179999999998472e+04
1.217719999999998436e+04
1.215569999999998436e+04
1.216769999999998436e+04
1.212569999999998436e+04
1.214789999999998508e+04
1.214359999999998399e+04
1.216029999999998472e+04
1.215369999999998436e+04
1.210019999999998254e+04
1.215499999999998363e+04
1.207149999999998545e+04
1.215769999999998436e+04
1.213579999999998472e+04
1.207889999999998327e+04
1.208899999999998545e+04
1.214769999999998436e+04
1.205079999999998654e+04
1.211479999999998472e+04
1.208769999999998436e+04
1.213379999999998472e+04
1.216199999999998363e+04
1.212599999999998363e+04
1.218149999999998545e+04
1.213699999999998363e+04
1.214609999999998399e+04
1.218339999999998508e+04
1.213399999999998363e+04
1.210949999999998363e+04
1.215829999999998290e+04
1.216549999999998363e+04
1.217339999999998508e+04
1.213329999999998472e+04
1.216359999999998399e+04
1.214359999999998399e+04
1.215759999999998399e+04
1.214179999999998290e+04
1.215089999999998508e+04
1.209169999999998436e+04
1.206419999999998436e+04
1.215109999999998399e+04
1.208679999999998290e+04
1.193969999999998254e+04
1.215739999999998327e+04
1.213029999999998472e+04
1.214919999999998436e+04
1.206659999999998581e+04
1.206519999999998436e+04
1.215999999999998363e+04
1.217109999999998217e+04
1.212029999999998290e+04
1.213579999999998472e+04
1.216819999999998436e+04
1.217299999999998363e+04
1.207469999999998436e+04
1.214489999999998508e+04
1.211719999999998436e+04
1.208069999999998436e+04
1.214099999999998181e+04
1.216579999999998472e+04
1.211109999999998399e+04
1.211349999999998363e+04
1.209729999999998472e+04
1.210099999999998363e+04
1.216229999999998472e+04
1.209259999999998581e+04
1.216849999999998363e+04
1.211119999999998618e+04
1.205079999999998472e+04
1.211089999999998327e+04
1.213119999999998436e+04
1.205199999999998363e+04
