-6.592800000000006548e+03
-5.849200000000008004e+03
-1.940399999999999636e+03
-3.456000000000005343e+02
-3.553999999999997726e+03
-5.882400000000007822e+03
-3.429199999999998909e+03
-3.699999999999997272e+03
-2.703599999999998545e+03
-2.485599999999997181e+03
-1.615999999999998181e+03
-1.503199999999999818e+03
-1.298799999999996771e+03
-3.715999999999999659e+02
-7.807999999999990450e+02
-9.639999999999982947e+02
-1.131999999999999545e+03
-2.346399999999999636e+03
-1.571199999999998454e+03
-1.457599999999997863e+03
-9.187999999999996135e+02
-7.880000000000003411e+02
-7.615999999999987722e+02
-2.025199999999998226e+03
9.880000000000036664e+01
-2.948000000000000114e+02
-1.683199999999998454e+03
-5.236000000000002501e+02
-1.458799999999997453e+03
2.515999999999999091e+02
-4.008000000000001251e+02
-5.588000000000007503e+02
-8.804000000000003183e+02
-5.855999999999991132e+02
6.319999999999949125e+01
-2.284799999999998363e+03
-4.055999999999996248e+02
-1.927999999999995566e+02
-4.487999999999994429e+02
3.199999999999988631e+00
-1.279999999999955662e+01
3.879999999999962768e+01
-2.948000000000005798e+02
-1.073200000000001182e+03
-5.947999999999998408e+02
3.092000000000003297e+02
1.771999999999993634e+02
-1.907999999999998977e+02
-6.387999999999993861e+02
-3.847999999999997840e+02
3.512000000000005571e+02
-1.628000000000010346e+02
-8.268000000000007503e+02
-2.247999999999994429e+02
-1.046799999999998363e+03
-4.527999999999998977e+02
-6.927999999999998408e+02
-3.679999999999900240e+01
-5.047999999999991019e+02
-4.727999999999995566e+02
-6.287999999999998408e+02
-2.487999999999996703e+02
-4.800000000000238742e+00
-3.480000000000099192e+01
7.792000000000026603e+02
-1.466799999999998363e+03
-1.402799999999998590e+03
-9.807999999999993861e+02
7.531999999999999318e+02
8.120000000000014495e+01
-2.908000000000005798e+02
1.049200000000001864e+03
-3.208000000000000114e+02
1.992000000000016371e+02
-4.208000000000001251e+02
3.111999999999989654e+02
-6.628000000000005230e+02
-5.967999999999996135e+02
-4.807999999999997840e+02
-7.007999999999998408e+02
-1.664799999999998818e+03
-1.827999999999998977e+02
-4.287999999999992156e+02
7.120000000000005969e+01
-9.247999999999996135e+02
-1.346399999999998954e+03
-8.487999999999996135e+02
-2.848000000000011482e+02
-1.026800000000000409e+03
-7.447999999999998408e+02
-7.383999999999999773e+02
-2.867999999999997840e+02
-1.707999999999992156e+02
6.720000000000085549e+01
6.792000000000015234e+02
-1.007999999999993719e+02
4.772000000000002160e+02
-5.267999999999993861e+02
2.491999999999999886e+02
-8.247999999999991587e+02
-3.247999999999988745e+02
-8.007999999999991587e+02
-7.867999999999991587e+02
1.711999999999995339e+02
-4.987999999999988745e+02
-3.547999999999995566e+02
-7.867999999999998408e+02
-4.480000000000066507e+01
-1.490799999999998136e+03
-1.052800000000000637e+03
-5.108000000000000114e+02
-1.128000000000007361e+02
-2.487999999999995566e+02
-9.667999999999998408e+02
-3.807999999999997840e+02
-2.879999999999985505e+01
-7.587999999999989313e+02
-1.024800000000000864e+03
-6.480000000000021032e+01
5.432000000000011823e+02
5.280000000000013642e+02
1.697200000000002547e+03
7.479999999999942872e+01
-6.067999999999998408e+02
-9.547999999999993861e+02
-3.287999999999997840e+02
-5.408000000000000682e+02
-6.548000000000002956e+02
-7.256000000000004775e+02
-6.688000000000014325e+02
-1.396799999999998363e+03
-6.363999999999988404e+02
-4.388000000000001251e+02
-2.147999999999993292e+02
3.520000000000091234e+01
-8.524000000000004320e+02
-4.435999999999996248e+02
-1.282799999999997681e+03
-8.308000000000005230e+02
-2.728000000000000114e+02
-2.587999999999997840e+02
1.972000000000002728e+02
-7.451999999999998181e+02
-7.443999999999999773e+02
-9.467999999999998408e+02
4.852000000000001023e+02
-5.299999999999982947e+02
1.692000000000006139e+02
1.411999999999997613e+02
1.195999999999995254e+02
9.591999999999999318e+02
-1.564000000000000341e+02
5.011999999999999886e+02
-4.535999999999989427e+02
-1.547999999999994429e+02
-8.643999999999981583e+02
6.319999999999954809e+01
-5.567999999999989313e+02
6.811999999999985675e+02
2.572000000000003865e+02
-1.068000000000001677e+02
-3.628000000000008072e+02
-4.207999999999998977e+02
-6.800000000000011369e+00
-2.687999999999996703e+02
8.120000000000047180e+01
4.924000000000007162e+02
-7.571999999999992497e+02
4.951999999999989654e+02
-4.547999999999987608e+02
-6.751999999999997044e+02
-7.927999999999993861e+02
-3.079999999999962768e+01
3.711999999999998749e+02
-1.932000000000012392e+02
-1.448000000000009209e+02
5.032000000000003297e+02
8.720000000000045759e+01
-1.920000000000001705e+02
-9.479999999999971294e+01
-1.658799999999998818e+03
-1.034800000000000864e+03
-1.324799999999997226e+03
3.700000000000001705e+02
5.752000000000005002e+02
-4.947999999999986471e+02
-4.288000000000003524e+02
-1.124799999999999955e+03
1.979999999999996589e+02
-5.627999999999987040e+02
1.112000000000007987e+02
-2.960000000000010800e+02
7.051999999999997044e+02
-1.587999999999998977e+02
1.152000000000010260e+02
3.419999999999988063e+02
-2.007999999999989882e+02
-3.848000000000009209e+02
5.852000000000001592e+02
1.519999999999872387e+01
6.304000000000010004e+02
8.092000000000006139e+02
9.039999999999965041e+01
-1.028000000000007361e+02
-7.347999999999991587e+02
-7.975999999999997954e+02
4.120000000000062812e+01
8.972000000000015234e+02
3.527999999999997840e+02
-5.303999999999995225e+02
-1.002799999999998136e+03
-4.067999999999994429e+02
-9.679999999999959925e+01
-3.680000000000093507e+01
-1.184799999999997908e+03
-1.067999999999989171e+02
7.651999999999994770e+02
6.492000000000007276e+02
2.811999999999987381e+02
3.320000000000074181e+01
-2.008000000000000114e+02
5.112000000000005571e+02
-5.168000000000007503e+02
-1.898799999999998136e+03
5.312000000000007276e+02
-1.368000000000008072e+02
-3.319999999999954809e+01
1.792000000000008981e+02
-4.080000000000015348e+01
-3.619999999999989200e+02
-3.108000000000004661e+02
5.200000000000613909e+00
-7.879999999999937188e+01
5.991999999999989086e+02
6.412000000000003865e+02
4.111999999999997613e+02
-8.207999999999991587e+02
-1.947999999999992156e+02
2.012000000000006139e+02
5.832000000000002728e+02
2.751999999999998749e+02
6.451999999999995907e+02
9.072000000000028876e+02
-4.228000000000001251e+02
1.057200000000000500e+03
1.492000000000006708e+02
-1.007999999999998266e+02
-3.128000000000004661e+02
4.011999999999996476e+02
4.152000000000003297e+02
4.132000000000005571e+02
1.671999999999986244e+02
-3.107999999999989882e+02
1.023200000000002433e+03
1.712000000000007276e+02
3.576000000000004206e+02
-6.587999999999996135e+02
4.711999999999989654e+02
-3.951999999999990791e+02
3.823999999999996930e+02
-3.707999999999995566e+02
4.851999999999999886e+02
-1.627999999999994429e+02
2.911999999999991928e+02
-3.367999999999995566e+02
2.319999999999892282e+01
-1.218799999999997681e+03
7.471999999999999318e+02
5.912000000000012960e+02
2.972000000000004434e+02
1.908000000000008072e+02
-2.707999999999993292e+02
-1.106800000000000182e+03
1.351999999999998749e+02
-1.164800000000001091e+03
5.671999999999991360e+02
2.572000000000008413e+02
5.291999999999994770e+02
1.665200000000002774e+03
-1.767999999999993292e+02
5.892000000000002728e+02
2.972000000000003297e+02
6.692000000000001592e+02
4.852000000000001023e+02
-2.767999999999993292e+02
1.371200000000001864e+03
1.615200000000002774e+03
2.012000000000002160e+02
1.255999999999994969e+02
-1.018800000000000182e+03
4.412000000000003297e+02
1.271200000000000728e+03
4.712000000000008981e+02
5.791999999999991360e+02
-5.451999999999989086e+02
-1.058799999999999272e+03
-3.168000000000001251e+02
4.012000000000007844e+02
1.287200000000001637e+03
8.511999999999981128e+02
1.644000000000012278e+02
9.327999999999993861e+02
-1.128000000000002814e+02
-2.027999999999995566e+02
-1.867999999999995566e+02
2.711999999999996476e+02
-1.768000000000005798e+02
-4.988000000000004661e+02
-4.479999999999930083e+01
-5.132000000000006139e+02
1.150800000000001546e+03
-1.692000000000003297e+02
-2.368000000000000114e+02
-3.608000000000000114e+02
-1.679999999999993747e+02
1.115199999999999818e+03
2.352000000000006139e+02
-2.307999999999995566e+02
9.992000000000006139e+02
3.552000000000004434e+02
7.152000000000006139e+02
3.320000000000057128e+01
1.472000000000001592e+02
1.657199999999999136e+03
1.179200000000000728e+03
-1.697199999999997999e+03
3.592000000000005571e+02
-1.227999999999984624e+02
1.419200000000002092e+03
2.712000000000001023e+02
6.108000000000008640e+02
3.556000000000000796e+02
1.269200000000002547e+03
-1.468000000000000114e+02
1.231999999999995481e+02
6.415999999999999091e+02
8.984000000000006594e+02
-4.347999999999994429e+02
9.651999999999994770e+02
3.443999999999999204e+02
2.067999999999998408e+02
1.009200000000000841e+03
2.412000000000005002e+02
4.568000000000006935e+02
-3.479999999999996874e+01
1.717200000000001864e+03
4.072000000000012392e+02
1.421200000000002547e+03
9.691999999999997044e+02
5.631999999999999318e+02
6.592000000000017508e+02
9.632000000000001592e+02
6.863999999999990678e+02
1.127200000000003229e+03
-4.927999999999997840e+02
6.712000000000003865e+02
-6.408000000000009777e+02
8.692000000000012960e+02
1.469200000000002547e+03
1.117200000000000045e+03
1.931999999999999886e+02
8.852000000000012960e+02
1.591200000000002547e+03
1.647199999999999363e+03
1.053199999999999136e+03
1.449200000000001637e+03
2.505200000000000728e+03
2.925199999999998909e+03
2.285600000000002638e+03
3.029199999999997999e+03
3.235199999999998454e+03
3.171199999999998454e+03
3.533199999999997999e+03
3.459199999999997999e+03
3.437199999999997999e+03
3.447599999999998545e+03
3.131199999999998909e+03
3.177199999999997999e+03
3.797199999999998454e+03
3.157199999999997999e+03
3.301199999999997999e+03
3.171199999999997999e+03
3.305199999999997999e+03
3.385199999999997999e+03
3.411199999999997999e+03
3.125199999999998909e+03
3.230799999999998363e+03
3.445199999999997999e+03
3.291199999999998909e+03
3.279199999999997999e+03
3.283199999999998454e+03
3.223199999999997999e+03
3.059199999999998909e+03
2.878399999999997817e+03
3.425199999999998454e+03
3.347199999999997999e+03
3.407199999999997999e+03
3.345199999999997999e+03
3.288799999999998363e+03
3.465199999999997999e+03
3.473199999999997999e+03
3.301199999999997999e+03
3.225599999999998545e+03
3.037199999999998909e+03
3.321199999999997999e+03
3.249199999999997999e+03
3.317199999999998909e+03
3.213199999999997999e+03
3.493199999999998454e+03
3.431199999999997999e+03
2.975199999999998909e+03
3.395199999999997999e+03
3.231199999999998454e+03
3.272799999999998363e+03
3.453199999999997999e+03
3.137199999999998454e+03
3.431199999999997999e+03
3.183199999999998454e+03
2.981199999999998909e+03
3.439199999999998454e+03
3.003999999999999091e+03
3.315199999999998454e+03
3.081199999999998454e+03
3.123199999999997999e+03
2.897199999999998909e+03
3.217199999999997999e+03
3.241199999999997999e+03
3.067199999999998909e+03
3.443199999999997999e+03
3.145199999999997999e+03
2.981199999999998909e+03
3.072799999999999272e+03
3.247199999999998454e+03
3.189199999999997999e+03
3.047199999999998909e+03
3.153199999999998909e+03
2.985199999999998909e+03
2.961199999999998909e+03
3.039199999999998909e+03
3.237199999999997999e+03
3.133199999999997999e+03
3.209199999999998454e+03
3.295199999999997999e+03
3.033199999999998909e+03
3.101199999999998909e+03
3.227199999999998454e+03
2.883199999999998909e+03
3.249199999999998454e+03
3.065199999999998909e+03
3.155199999999997999e+03
3.373199999999997999e+03
3.279199999999998454e+03
3.333199999999998454e+03
3.471199999999997999e+03
3.209199999999997999e+03
3.057199999999998454e+03
3.013199999999998909e+03
3.190399999999998272e+03
3.493199999999997999e+03
3.315199999999997999e+03
3.075199999999998909e+03
3.421199999999997999e+03
3.089199999999998909e+03
3.157199999999998909e+03
3.209199999999998454e+03
3.205199999999998454e+03
3.255199999999997999e+03
3.313199999999998454e+03
3.055199999999998909e+03
3.289199999999998454e+03
3.259199999999998454e+03
3.271199999999998909e+03
3.293199999999997999e+03
3.275199999999997999e+03
3.159999999999999091e+03
3.313199999999998454e+03
3.295199999999998454e+03
3.359199999999998454e+03
3.521199999999997999e+03
3.085199999999998909e+03
3.403199999999997999e+03
3.303199999999998454e+03
3.301199999999998454e+03
3.401199999999997999e+03
3.193199999999998454e+03
3.179199999999998909e+03
3.471199999999997999e+03
3.191199999999998454e+03
3.303199999999998454e+03
3.095199999999998909e+03
3.191199999999998909e+03
3.411199999999997999e+03
3.275199999999997999e+03
3.211199999999998909e+03
3.291199999999997999e+03
3.281199999999998454e+03
3.205199999999998454e+03
3.437199999999997999e+03
3.073599999999998545e+03
3.445199999999997999e+03
