1.535200000000000728e+03
5.773199999999989814e+03
2.501999999999998636e+03
7.169999999999997726e+02
2.055600000000003092e+03
9.167999999999989313e+02
4.581600000000002183e+03
4.711199999999992542e+03
3.422399999999998272e+03
2.908599999999998545e+03
5.000599999999991269e+03
2.909399999999999636e+03
3.626999999999999091e+03
4.353999999999991815e+03
2.439799999999999727e+03
4.249199999999999818e+03
3.557599999999999000e+03
1.931600000000001501e+03
3.581599999999998545e+03
3.500799999999999272e+03
3.485400000000000091e+03
4.462800000000002001e+03
4.133799999999998363e+03
5.375199999999996180e+03
5.880999999999993634e+03
4.311400000000002365e+03
4.765000000000001819e+03
4.237599999999999454e+03
4.923599999999993088e+03
4.759000000000001819e+03
4.458000000000002728e+03
5.984999999999993634e+03
5.752999999999993634e+03
5.029199999999993452e+03
6.056999999999993634e+03
4.228000000000000000e+03
5.266799999999993815e+03
5.493999999999993634e+03
5.025000000000000909e+03
5.607599999999992178e+03
5.466999999999999091e+03
5.380599999999997635e+03
4.932599999999993997e+03
5.185599999999993997e+03
5.818599999999992178e+03
4.935999999999999091e+03
5.119399999999991451e+03
5.760999999999993634e+03
5.953399999999993270e+03
5.666999999999993634e+03
3.904599999999999000e+03
4.880800000000000182e+03
5.264999999999993634e+03
6.900399999999995089e+03
5.435599999999993088e+03
4.894600000000000364e+03
5.590199999999992542e+03
5.594799999999991087e+03
5.433799999999992906e+03
5.567399999999993270e+03
5.533999999999991815e+03
5.579799999999992906e+03
6.524999999999993634e+03
5.584999999999990905e+03
6.787999999999993634e+03
6.419399999999992360e+03
5.826199999999994361e+03
6.097599999999993088e+03
6.152399999999993270e+03
6.500999999999992724e+03
5.532199999999993452e+03
6.187199999999992542e+03
5.778199999999991633e+03
5.430199999999991633e+03
5.836199999999993452e+03
5.330599999999992178e+03
6.262999999999994543e+03
5.339599999999992178e+03
5.781199999999994361e+03
6.725399999999992360e+03
4.791200000000001637e+03
5.938199999999992542e+03
5.789199999999992542e+03
5.468599999999991269e+03
4.956599999999993088e+03
5.335799999999991996e+03
5.897399999999992360e+03
6.246199999999991633e+03
4.632400000000001455e+03
5.505999999999992724e+03
5.598599999999992178e+03
6.061599999999992178e+03
5.551999999999991815e+03
6.210999999999993634e+03
6.203599999999993997e+03
6.936199999999996180e+03
6.169799999999992906e+03
5.217599999999992178e+03
5.631999999999994543e+03
6.344399999999993270e+03
5.985199999999991633e+03
6.148799999999993815e+03
5.719399999999991451e+03
6.278999999999992724e+03
6.039999999999993634e+03
6.070199999999994361e+03
6.036999999999993634e+03
6.705199999999992542e+03
6.583399999999993270e+03
5.526599999999993997e+03
5.999199999999991633e+03
6.991599999999994907e+03
5.809399999999992360e+03
6.123599999999993088e+03
5.972799999999992906e+03
5.723399999999992360e+03
5.654599999999992178e+03
6.451399999999994179e+03
6.029399999999993270e+03
5.329399999999994179e+03
5.472399999999991451e+03
6.225799999999992906e+03
5.059799999999996544e+03
6.264599999999992178e+03
6.255999999999992724e+03
6.357399999999994179e+03
6.036599999999993088e+03
5.696399999999993270e+03
5.704999999999989996e+03
5.269999999999993634e+03
5.472199999999991633e+03
6.111799999999993815e+03
5.832399999999993270e+03
4.967399999999999636e+03
5.892799999999991996e+03
4.926999999999999091e+03
5.905799999999991996e+03
6.470399999999993270e+03
6.123599999999993088e+03
6.155199999999992542e+03
6.173399999999992360e+03
5.523199999999993452e+03
6.376199999999994361e+03
5.822599999999993088e+03
5.280000000000000000e+03
5.627799999999992906e+03
5.920399999999993270e+03
5.847999999999991815e+03
6.882799999999992906e+03
5.418799999999992906e+03
5.045599999999991269e+03
5.497199999999991633e+03
6.233599999999994907e+03
5.555599999999992178e+03
6.408399999999994179e+03
5.337199999999997999e+03
7.175199999999995271e+03
5.858999999999993634e+03
5.273399999999994179e+03
5.183399999999996908e+03
6.858799999999991996e+03
6.050599999999993088e+03
5.802999999999991815e+03
5.896999999999991815e+03
6.770999999999996362e+03
6.498799999999992906e+03
7.100599999999993997e+03
6.359599999999993088e+03
6.150199999999993452e+03
6.445399999999993270e+03
5.395999999999997272e+03
6.775799999999994725e+03
6.519599999999994907e+03
6.281199999999994361e+03
6.075399999999993270e+03
6.148799999999992906e+03
4.890599999999997635e+03
6.569799999999993815e+03
7.227999999999995453e+03
6.284599999999993997e+03
5.614199999999992542e+03
6.317399999999993270e+03
6.590799999999994725e+03
6.589799999999993815e+03
6.563399999999993270e+03
6.308399999999993270e+03
6.410799999999992906e+03
7.455599999999993997e+03
6.361799999999992906e+03
6.617199999999994361e+03
6.158199999999993452e+03
6.492999999999993634e+03
5.291199999999990723e+03
6.175199999999994361e+03
6.487799999999993815e+03
5.609799999999992906e+03
5.951999999999992724e+03
5.210200000000000728e+03
5.517399999999990541e+03
5.959999999999992724e+03
6.464199999999993452e+03
5.181199999999990723e+03
5.704799999999991087e+03
6.308799999999991996e+03
6.374399999999993270e+03
6.156599999999993997e+03
6.331599999999993997e+03
6.593799999999993815e+03
6.353599999999993997e+03
6.755799999999993815e+03
6.300599999999992178e+03
5.933999999999992724e+03
5.951199999999993452e+03
7.449799999999993815e+03
6.193599999999993088e+03
6.130199999999992542e+03
6.403399999999993270e+03
6.741799999999992906e+03
5.883599999999993088e+03
5.848999999999990905e+03
6.689799999999994725e+03
6.322599999999993088e+03
6.058999999999992724e+03
5.986399999999993270e+03
6.593199999999993452e+03
6.228599999999994907e+03
6.295399999999994179e+03
6.051199999999992542e+03
6.847399999999995089e+03
5.912199999999990723e+03
6.681199999999993452e+03
6.510199999999993452e+03
6.364399999999993270e+03
6.639199999999994361e+03
5.603799999999992906e+03
6.329799999999993815e+03
7.274399999999994179e+03
6.236599999999993088e+03
6.072199999999992542e+03
6.354799999999992906e+03
5.946599999999992178e+03
7.119599999999994907e+03
6.258999999999992724e+03
6.215999999999993634e+03
6.486399999999992360e+03
6.503399999999993270e+03
6.035799999999993815e+03
6.754599999999993997e+03
6.044799999999992906e+03
6.749999999999994543e+03
6.407199999999992542e+03
6.933799999999993815e+03
7.046399999999993270e+03
6.579999999999993634e+03
6.174599999999993088e+03
5.753599999999992178e+03
6.268999999999993634e+03
6.509399999999993270e+03
6.407999999999994543e+03
6.266199999999994361e+03
6.620199999999994361e+03
6.967999999999993634e+03
6.533399999999993270e+03
7.192799999999994725e+03
6.477199999999993452e+03
5.567799999999992906e+03
6.220399999999993270e+03
6.234599999999992178e+03
7.184799999999994725e+03
6.186999999999992724e+03
6.644399999999994179e+03
6.429999999999993634e+03
5.640599999999992178e+03
6.216199999999994361e+03
6.389799999999992906e+03
6.392799999999992906e+03
7.720199999999994361e+03
6.932199999999995271e+03
6.638999999999996362e+03
6.523799999999992906e+03
7.260599999999993088e+03
5.368199999999990723e+03
6.829799999999993815e+03
6.857799999999993815e+03
6.594399999999994179e+03
5.366999999999992724e+03
7.076799999999992906e+03
6.010199999999993452e+03
5.936399999999992360e+03
6.863599999999992178e+03
6.381399999999993270e+03
6.302799999999992906e+03
5.941799999999992906e+03
6.629399999999993270e+03
6.858999999999993634e+03
6.342199999999994361e+03
7.132399999999994179e+03
6.410999999999993634e+03
6.918399999999993270e+03
6.476999999999993634e+03
6.381799999999993815e+03
6.462999999999990905e+03
6.738599999999993997e+03
6.295799999999992906e+03
6.442799999999992906e+03
6.530399999999993270e+03
6.323999999999992724e+03
6.600799999999993815e+03
6.596399999999993270e+03
6.827399999999995089e+03
6.014399999999991451e+03
6.370799999999992906e+03
6.688999999999993634e+03
7.499999999999993634e+03
6.986999999999993634e+03
6.245799999999992906e+03
6.369799999999992906e+03
6.326399999999993270e+03
6.108399999999993270e+03
6.855799999999993815e+03
6.730999999999993634e+03
6.049799999999991996e+03
6.719999999999993634e+03
6.810399999999992360e+03
6.495999999999993634e+03
5.999999999999990905e+03
6.836199999999993452e+03
7.514399999999995089e+03
6.194399999999993270e+03
6.051799999999992906e+03
6.205399999999992360e+03
6.566399999999993270e+03
7.058999999999993634e+03
6.924799999999993815e+03
6.686399999999993270e+03
6.537399999999993270e+03
5.753999999999993634e+03
6.346799999999992906e+03
7.226799999999992906e+03
6.912999999999994543e+03
6.407199999999993452e+03
6.525599999999993997e+03
6.406599999999993997e+03
6.692799999999992906e+03
6.603599999999993088e+03
7.270799999999994725e+03
6.482199999999993452e+03
6.805599999999993997e+03
6.368199999999992542e+03
6.548799999999992906e+03
6.917399999999993270e+03
5.998599999999993997e+03
6.512599999999993088e+03
6.357399999999994179e+03
6.547199999999993452e+03
6.463799999999992906e+03
6.101399999999992360e+03
6.640799999999993815e+03
6.791599999999993997e+03
7.158399999999993270e+03
6.363799999999992906e+03
7.254799999999993815e+03
6.844599999999993088e+03
6.083599999999993997e+03
6.484599999999993088e+03
6.493799999999993815e+03
6.803799999999994725e+03
6.052999999999991815e+03
6.421599999999992178e+03
6.244999999999991815e+03
5.837399999999991451e+03
6.953999999999994543e+03
7.127799999999992906e+03
6.288599999999993088e+03
6.849799999999992906e+03
6.793199999999993452e+03
6.498599999999993088e+03
6.572799999999992906e+03
6.630599999999993088e+03
6.468399999999994179e+03
7.005799999999993815e+03
6.985799999999992906e+03
6.802799999999992906e+03
5.986999999999992724e+03
6.879599999999993997e+03
6.669599999999993997e+03
6.892799999999991996e+03
7.930599999999993997e+03
7.084999999999992724e+03
7.315799999999990177e+03
7.671599999999991269e+03
7.087799999999991087e+03
6.960799999999991996e+03
7.265999999999991815e+03
7.063999999999991815e+03
6.947599999999991269e+03
7.535799999999991996e+03
7.162799999999991996e+03
6.788799999999991087e+03
6.247199999999989814e+03
6.650999999999990905e+03
7.255599999999990359e+03
7.406199999999991633e+03
7.537999999999992724e+03
7.473199999999991633e+03
6.927999999999989996e+03
6.876199999999992542e+03
6.977399999999991451e+03
7.676999999999991815e+03
6.961999999999992724e+03
7.357199999999992542e+03
7.188799999999991996e+03
7.525999999999991815e+03
6.783199999999991633e+03
5.998599999999990359e+03
6.852199999999992542e+03
7.195599999999993997e+03
7.577799999999991996e+03
6.261999999999991815e+03
7.492599999999991269e+03
6.436399999999991451e+03
7.141599999999990359e+03
6.579599999999992178e+03
6.897799999999991087e+03
7.315199999999992542e+03
6.670599999999990359e+03
7.669999999999991815e+03
6.406999999999990905e+03
6.644199999999992542e+03
6.966999999999990905e+03
7.697599999999992178e+03
6.871799999999991996e+03
6.680399999999991451e+03
6.648599999999991269e+03
7.672199999999991633e+03
7.043199999999991633e+03
7.731799999999993815e+03
6.905999999999991815e+03
7.499999999999991815e+03
6.317999999999991815e+03
6.613399999999992360e+03
7.278599999999993088e+03
7.318199999999992542e+03
7.228399999999992360e+03
7.815399999999990541e+03
7.491399999999991451e+03
7.343799999999991996e+03
7.758199999999993452e+03
7.208999999999990905e+03
7.159599999999991269e+03
6.702399999999991451e+03
6.998399999999992360e+03
7.667399999999990541e+03
7.479799999999991087e+03
6.817199999999991633e+03
7.352599999999991269e+03
7.286399999999991451e+03
7.632399999999992360e+03
7.379799999999992906e+03
7.432599999999993997e+03
7.309799999999991087e+03
7.267599999999991269e+03
7.193199999999992542e+03
7.980999999999993634e+03
7.435399999999993270e+03
6.955199999999991633e+03
7.072199999999991633e+03
7.398999999999992724e+03
6.749399999999990541e+03
6.251199999999989814e+03
7.383999999999991815e+03
7.280999999999990905e+03
7.609999999999992724e+03
7.176799999999991996e+03
7.855799999999994725e+03
7.099399999999991451e+03
7.536599999999992178e+03
7.410799999999991087e+03
7.133399999999991451e+03
6.640399999999991451e+03
7.522199999999991633e+03
6.902199999999991633e+03
7.632399999999992360e+03
7.009799999999992906e+03
6.732799999999991996e+03
7.750799999999991087e+03
6.681799999999990177e+03
7.409599999999994907e+03
7.316999999999991815e+03
6.907599999999991269e+03
7.635199999999991633e+03
6.991799999999990177e+03
7.108199999999990723e+03
7.378999999999990905e+03
7.000799999999991087e+03
7.676799999999991996e+03
7.527599999999991269e+03
7.229199999999991633e+03
7.460199999999991633e+03
7.375199999999990723e+03
7.276599999999992178e+03
7.857999999999994543e+03
7.779599999999994907e+03
7.737799999999991996e+03
7.668399999999990541e+03
7.066199999999990723e+03
7.895599999999993088e+03
8.005599999999993088e+03
7.576999999999990905e+03
8.209399999999992360e+03
6.434199999999991633e+03
7.105399999999992360e+03
7.709199999999993452e+03
7.235199999999992542e+03
7.519399999999992360e+03
6.964599999999991269e+03
7.754599999999991269e+03
8.319399999999992360e+03
8.110599999999993088e+03
7.833399999999992360e+03
7.176199999999994361e+03
7.342399999999990541e+03
8.564799999999997453e+03
8.376999999999994543e+03
7.729399999999993270e+03
8.260799999999991996e+03
7.394199999999991633e+03
8.348399999999992360e+03
7.798199999999993452e+03
7.712799999999991087e+03
7.494999999999991815e+03
8.361999999999994543e+03
8.504799999999995634e+03
7.581399999999993270e+03
7.164599999999993997e+03
8.196599999999993088e+03
8.300599999999993088e+03
7.359599999999991269e+03
7.594999999999993634e+03
8.144199999999995271e+03
7.461399999999992360e+03
7.476799999999991996e+03
8.462599999999994907e+03
8.580599999999993088e+03
8.204399999999992360e+03
8.426599999999996726e+03
8.078399999999993270e+03
8.184799999999993815e+03
8.466599999999994907e+03
8.625199999999995271e+03
8.835399999999997817e+03
8.588199999999995271e+03
8.920399999999997817e+03
8.632199999999993452e+03
8.685399999999994179e+03
8.975199999999998909e+03
8.734599999999996726e+03
8.789999999999996362e+03
8.886999999999996362e+03
8.562199999999995271e+03
8.813399999999997817e+03
8.977599999999996726e+03
8.962399999999999636e+03
9.023799999999997453e+03
8.646399999999994179e+03
8.820199999999997090e+03
9.029999999999998181e+03
8.819799999999997453e+03
8.837999999999996362e+03
8.929000000000000000e+03
8.752399999999995998e+03
9.009000000000000000e+03
8.980399999999999636e+03
8.729999999999994543e+03
8.721799999999995634e+03
8.939199999999997090e+03
8.918599999999998545e+03
8.626799999999995634e+03
8.892399999999997817e+03
8.724599999999993088e+03
8.789399999999994179e+03
8.914199999999998909e+03
8.776399999999995998e+03
8.616999999999996362e+03
8.732399999999995998e+03
8.754599999999996726e+03
8.620399999999994179e+03
8.682999999999996362e+03
8.570799999999995634e+03
8.645199999999997090e+03
8.471399999999995998e+03
8.799599999999996726e+03
8.794599999999996726e+03
8.774999999999994543e+03
8.741799999999995634e+03
8.553599999999996726e+03
8.606199999999995271e+03
8.875799999999997453e+03
8.762799999999995634e+03
8.817799999999997453e+03
8.873799999999997453e+03
8.810199999999995271e+03
8.720999999999998181e+03
8.756599999999994907e+03
9.009799999999999272e+03
8.964200000000000728e+03
8.707199999999995271e+03
8.866799999999997453e+03
8.798999999999996362e+03
8.811999999999994543e+03
8.693399999999995998e+03
8.727399999999995998e+03
8.809999999999996362e+03
8.555199999999995271e+03
8.660199999999995271e+03
8.736199999999995271e+03
8.727599999999994907e+03
8.415399999999995998e+03
8.665999999999994543e+03
8.602399999999995998e+03
8.665799999999991996e+03
8.736999999999994543e+03
8.584799999999995634e+03
8.396199999999995271e+03
8.846799999999995634e+03
8.631799999999995634e+03
8.416799999999993815e+03
8.899999999999998181e+03
8.581199999999997090e+03
8.636599999999994907e+03
8.580399999999994179e+03
8.761799999999995634e+03
8.695599999999993088e+03
8.755799999999995634e+03
8.860399999999997817e+03
8.784599999999996726e+03
8.769199999999995271e+03
8.744399999999995998e+03
8.768599999999994907e+03
8.551399999999995998e+03
8.746199999999995271e+03
8.840399999999997817e+03
8.929599999999998545e+03
8.791399999999995998e+03
8.674799999999993815e+03
8.991000000000001819e+03
8.732399999999995998e+03
8.664799999999993815e+03
8.670399999999994179e+03
8.773799999999993815e+03
8.838799999999995634e+03
8.949800000000001091e+03
8.728999999999994543e+03
8.838799999999997453e+03
8.924000000000001819e+03
8.725799999999995634e+03
8.898799999999999272e+03
8.704199999999995271e+03
8.822199999999997090e+03
8.697199999999995271e+03
8.824399999999995998e+03
8.866399999999997817e+03
8.579999999999994543e+03
8.691599999999996726e+03
8.619799999999995634e+03
8.767999999999994543e+03
8.749199999999995271e+03
8.695399999999995998e+03
8.890799999999995634e+03
8.712999999999994543e+03
8.731199999999995271e+03
8.768199999999995271e+03
8.790399999999995998e+03
8.869599999999998545e+03
8.774199999999995271e+03
8.708199999999995271e+03
8.752999999999994543e+03
8.763399999999995998e+03
8.770799999999995634e+03
8.924999999999998181e+03
8.779399999999995998e+03
8.648999999999992724e+03
8.961200000000000728e+03
8.866999999999998181e+03
8.338999999999994543e+03
8.894199999999997090e+03
8.833799999999997453e+03
8.811399999999995998e+03
8.671599999999996726e+03
9.029799999999999272e+03
8.787199999999995271e+03
8.705799999999995634e+03
8.805399999999995998e+03
8.889999999999998181e+03
8.762199999999995271e+03
8.885399999999997817e+03
8.952799999999999272e+03
8.956800000000001091e+03
8.870799999999999272e+03
8.852799999999997453e+03
8.839999999999996362e+03
8.722799999999995634e+03
8.843999999999998181e+03
8.802399999999994179e+03
8.702599999999994907e+03
8.867399999999997817e+03
8.912599999999996726e+03
8.934800000000001091e+03
8.933599999999998545e+03
8.960000000000000000e+03
8.921000000000000000e+03
8.914599999999998545e+03
8.795799999999997453e+03
8.853799999999997453e+03
8.875999999999998181e+03
8.965600000000002183e+03
9.037800000000001091e+03
8.814199999999995271e+03
8.787999999999996362e+03
8.823199999999995271e+03
8.751999999999996362e+03
8.904799999999997453e+03
8.989800000000001091e+03
8.844599999999998545e+03
8.830999999999996362e+03
8.980000000000000000e+03
8.883599999999996726e+03
8.981399999999999636e+03
8.906399999999999636e+03
8.854599999999996726e+03
8.989800000000001091e+03
8.897799999999997453e+03
8.976000000000000000e+03
8.877999999999996362e+03
8.929199999999998909e+03
8.884999999999998181e+03
8.837399999999995998e+03
8.898599999999998545e+03
8.946799999999999272e+03
8.887599999999994907e+03
9.012599999999996726e+03
8.935599999999998545e+03
8.908799999999997453e+03
8.892799999999997453e+03
8.954800000000001091e+03
8.845799999999997453e+03
8.858999999999998181e+03
8.952399999999999636e+03
8.922599999999998545e+03
8.862999999999998181e+03
8.800599999999996726e+03
8.883799999999997453e+03
9.020800000000001091e+03
8.972399999999999636e+03
8.921999999999998181e+03
8.772199999999995271e+03
8.935999999999996362e+03
8.887799999999999272e+03
8.862799999999997453e+03
8.949799999999999272e+03
8.938800000000001091e+03
8.884399999999995998e+03
8.981200000000000728e+03
8.866999999999998181e+03
8.953599999999998545e+03
8.846599999999996726e+03
8.986600000000000364e+03
8.923600000000000364e+03
9.082800000000001091e+03
8.923599999999996726e+03
8.998399999999999636e+03
8.952399999999999636e+03
8.804399999999994179e+03
8.944600000000000364e+03
8.485199999999995271e+03
8.967199999999998909e+03
8.790799999999995634e+03
8.942800000000001091e+03
8.968800000000001091e+03
8.930399999999999636e+03
8.809799999999997453e+03
8.946599999999998545e+03
8.991600000000000364e+03
9.062799999999999272e+03
8.964600000000000364e+03
9.016399999999999636e+03
8.826799999999997453e+03
9.025999999999998181e+03
8.987000000000000000e+03
9.023199999999998909e+03
9.022599999999998545e+03
8.938399999999999636e+03
8.984799999999999272e+03
8.896399999999997817e+03
8.742799999999995634e+03
9.019999999999998181e+03
9.043000000000000000e+03
8.897399999999997817e+03
8.775599999999996726e+03
9.063600000000000364e+03
9.053600000000000364e+03
9.014199999999998909e+03
8.981999999999998181e+03
8.939600000000000364e+03
9.017200000000000728e+03
8.860999999999996362e+03
8.940399999999999636e+03
9.002199999999998909e+03
8.905399999999997817e+03
9.044999999999998181e+03
9.015399999999999636e+03
8.973399999999999636e+03
8.971399999999999636e+03
9.056600000000000364e+03
9.037399999999999636e+03
8.999600000000000364e+03
9.080399999999999636e+03
8.994600000000000364e+03
8.936000000000000000e+03
8.944200000000000728e+03
8.942000000000000000e+03
8.900399999999997817e+03
8.913199999999998909e+03
9.040000000000000000e+03
9.073600000000000364e+03
9.028799999999997453e+03
8.951200000000000728e+03
8.997200000000000728e+03
9.019600000000000364e+03
9.037600000000000364e+03
8.906599999999998545e+03
9.082000000000001819e+03
9.006599999999996726e+03
8.977600000000000364e+03
9.025600000000000364e+03
9.002000000000000000e+03
9.060600000000000364e+03
9.036800000000001091e+03
8.971599999999998545e+03
9.060199999999998909e+03
8.998199999999998909e+03
9.099999999999998181e+03
9.087999999999998181e+03
8.833199999999997090e+03
8.972000000000000000e+03
9.002999999999998181e+03
8.987199999999998909e+03
9.007199999999998909e+03
9.084000000000000000e+03
9.028199999999998909e+03
9.092200000000000728e+03
9.153399999999999636e+03
9.099600000000000364e+03
9.185400000000001455e+03
9.088799999999999272e+03
8.996399999999999636e+03
8.960800000000001091e+03
9.066199999999998909e+03
9.116399999999999636e+03
9.059600000000000364e+03
9.009200000000000728e+03
9.096999999999998181e+03
8.943000000000000000e+03
8.942599999999998545e+03
8.977200000000000728e+03
9.091000000000000000e+03
9.114000000000000000e+03
9.090799999999999272e+03
9.113600000000002183e+03
9.121000000000000000e+03
8.961600000000000364e+03
8.977200000000000728e+03
9.052600000000000364e+03
9.118600000000000364e+03
9.047199999999998909e+03
9.083000000000000000e+03
9.238399999999997817e+03
8.966800000000001091e+03
9.062399999999999636e+03
9.049399999999999636e+03
9.093999999999998181e+03
8.992199999999998909e+03
9.188199999999998909e+03
9.054399999999999636e+03
9.120799999999999272e+03
9.031399999999999636e+03
8.951200000000000728e+03
8.880799999999995634e+03
9.034600000000000364e+03
9.049399999999999636e+03
9.131000000000000000e+03
9.113799999999999272e+03
9.218199999999998909e+03
9.130800000000001091e+03
9.032200000000000728e+03
9.108600000000000364e+03
9.069600000000000364e+03
9.062000000000001819e+03
9.111600000000000364e+03
9.183200000000000728e+03
9.111399999999999636e+03
9.146000000000000000e+03
9.112600000000000364e+03
9.077199999999998909e+03
9.080600000000000364e+03
9.111800000000001091e+03
9.161599999999998545e+03
9.184400000000001455e+03
9.080799999999999272e+03
9.082800000000001091e+03
9.114199999999998909e+03
9.005600000000000364e+03
9.005000000000000000e+03
9.189000000000000000e+03
9.071199999999998909e+03
9.045600000000000364e+03
9.091600000000000364e+03
9.074399999999999636e+03
9.083799999999997453e+03
9.134399999999999636e+03
9.107999999999998181e+03
8.859399999999997817e+03
8.921399999999997817e+03
9.105199999999998909e+03
9.101399999999999636e+03
8.928399999999997817e+03
9.133600000000000364e+03
9.220799999999999272e+03
9.003199999999998909e+03
9.262600000000002183e+03
9.066600000000000364e+03
9.111999999999998181e+03
9.111199999999998909e+03
9.151400000000001455e+03
9.168800000000002910e+03
9.175200000000000728e+03
8.858999999999998181e+03
9.129999999999998181e+03
9.184799999999999272e+03
9.153000000000000000e+03
9.214200000000000728e+03
9.131600000000000364e+03
9.120000000000000000e+03
9.100399999999999636e+03
9.033800000000001091e+03
8.825999999999996362e+03
9.191799999999999272e+03
9.119000000000001819e+03
9.038999999999998181e+03
9.113800000000001091e+03
9.111999999999998181e+03
9.206800000000001091e+03
9.206600000000000364e+03
9.121400000000001455e+03
9.018800000000001091e+03
9.048600000000000364e+03
9.154600000000000364e+03
9.204200000000000728e+03
9.148000000000000000e+03
9.181200000000000728e+03
9.144399999999999636e+03
9.168200000000000728e+03
9.139999999999998181e+03
9.237600000000002183e+03
9.113799999999999272e+03
9.122200000000000728e+03
9.176000000000000000e+03
9.146200000000000728e+03
9.174200000000000728e+03
9.123799999999999272e+03
9.173000000000000000e+03
9.185600000000000364e+03
9.162000000000001819e+03
9.200600000000000364e+03
9.206200000000000728e+03
9.238599999999998545e+03
9.190999999999998181e+03
9.218200000000000728e+03
9.208000000000000000e+03
9.150600000000000364e+03
9.211599999999998545e+03
9.100199999999998909e+03
9.226399999999997817e+03
9.190200000000000728e+03
9.225600000000002183e+03
9.222199999999998909e+03
9.149199999999998909e+03
9.162000000000000000e+03
9.164600000000000364e+03
9.173800000000002910e+03
9.118000000000000000e+03
9.050999999999998181e+03
9.124399999999999636e+03
9.125200000000000728e+03
9.166799999999999272e+03
9.156600000000002183e+03
8.997199999999998909e+03
9.096399999999999636e+03
9.044999999999998181e+03
9.299800000000001091e+03
9.144200000000000728e+03
9.138200000000000728e+03
9.096199999999998909e+03
9.090200000000000728e+03
9.106199999999998909e+03
9.155200000000000728e+03
9.112600000000000364e+03
9.176000000000001819e+03
9.142000000000000000e+03
9.212800000000001091e+03
9.133600000000000364e+03
9.167600000000000364e+03
9.066000000000000000e+03
9.077199999999998909e+03
8.977399999999999636e+03
9.053399999999997817e+03
9.122400000000001455e+03
9.145599999999998545e+03
9.174800000000002910e+03
9.158800000000001091e+03
9.180000000000001819e+03
9.224799999999999272e+03
9.223599999999998545e+03
9.194000000000000000e+03
9.218200000000000728e+03
9.000999999999998181e+03
9.222200000000000728e+03
8.768600000000000364e+03
9.046800000000001091e+03
9.061199999999998909e+03
9.171400000000001455e+03
9.202000000000000000e+03
9.181800000000001091e+03
9.244399999999999636e+03
9.092399999999999636e+03
9.171599999999998545e+03
9.197800000000001091e+03
9.160800000000002910e+03
9.192200000000000728e+03
9.121600000000000364e+03
9.041800000000001091e+03
9.139000000000001819e+03
9.163400000000001455e+03
9.222799999999999272e+03
9.173399999999999636e+03
9.077999999999998181e+03
9.137399999999999636e+03
9.223800000000001091e+03
9.143799999999999272e+03
9.124800000000001091e+03
9.135399999999999636e+03
9.066800000000001091e+03
9.157600000000000364e+03
9.167800000000002910e+03
9.131200000000000728e+03
9.136000000000000000e+03
9.132200000000000728e+03
9.156800000000001091e+03
9.141200000000000728e+03
9.134200000000000728e+03
8.911799999999999272e+03
9.169399999999999636e+03
9.104200000000000728e+03
9.247799999999999272e+03
8.992399999999997817e+03
8.966799999999999272e+03
9.108799999999999272e+03
9.206200000000000728e+03
9.184200000000000728e+03
8.987400000000003274e+03
9.227000000000000000e+03
9.243200000000002547e+03
9.221400000000001455e+03
9.231800000000001091e+03
9.257599999999998545e+03
9.237000000000001819e+03
9.229399999999999636e+03
9.000399999999999636e+03
9.213799999999999272e+03
9.039199999999998909e+03
9.196800000000001091e+03
9.274399999999999636e+03
9.181200000000000728e+03
9.262199999999998909e+03
9.152800000000001091e+03
9.172200000000000728e+03
9.165400000000001455e+03
9.200400000000001455e+03
9.218799999999999272e+03
9.178200000000000728e+03
9.161600000000002183e+03
9.106800000000001091e+03
9.218400000000001455e+03
9.178400000000001455e+03
9.243200000000000728e+03
9.222000000000000000e+03
9.132200000000000728e+03
9.211600000000002183e+03
9.171600000000002183e+03
9.230399999999999636e+03
9.185400000000001455e+03
9.022399999999999636e+03
9.210799999999999272e+03
9.198800000000001091e+03
9.082200000000000728e+03
8.969999999999998181e+03
9.221800000000002910e+03
8.943799999999999272e+03
9.196600000000000364e+03
9.113200000000000728e+03
9.194000000000000000e+03
9.097599999999998545e+03
9.137799999999999272e+03
9.127000000000000000e+03
9.049799999999999272e+03
9.177400000000001455e+03
9.178600000000002183e+03
9.117000000000001819e+03
9.118399999999999636e+03
9.244600000000000364e+03
9.190000000000000000e+03
9.252800000000001091e+03
9.091600000000000364e+03
9.206399999999999636e+03
8.909799999999999272e+03
9.202800000000001091e+03
9.276399999999999636e+03
9.147799999999999272e+03
9.122399999999999636e+03
9.190799999999999272e+03
9.161600000000000364e+03
8.962399999999997817e+03
8.747999999999996362e+03
8.983799999999999272e+03
9.165400000000001455e+03
9.225600000000002183e+03
9.222200000000000728e+03
9.175200000000000728e+03
9.120799999999997453e+03
9.219799999999999272e+03
9.117199999999998909e+03
9.182800000000001091e+03
9.187800000000002910e+03
9.191600000000002183e+03
9.150600000000000364e+03
9.199400000000001455e+03
9.186000000000001819e+03
8.980800000000001091e+03
9.097999999999998181e+03
9.189000000000000000e+03
9.089800000000001091e+03
9.089800000000001091e+03
9.157799999999999272e+03
8.989199999999998909e+03
9.046399999999999636e+03
9.271800000000001091e+03
9.177599999999998545e+03
9.234200000000000728e+03
9.181400000000001455e+03
9.182400000000001455e+03
9.241800000000001091e+03
9.179799999999999272e+03
9.146000000000001819e+03
9.199799999999999272e+03
9.242800000000001091e+03
9.221200000000000728e+03
9.272600000000000364e+03
9.197600000000000364e+03
9.204400000000001455e+03
9.181400000000001455e+03
9.264800000000001091e+03
9.258199999999998909e+03
9.271800000000001091e+03
9.202000000000000000e+03
9.219400000000001455e+03
9.222200000000000728e+03
9.081600000000000364e+03
9.174400000000001455e+03
9.240000000000000000e+03
9.145399999999999636e+03
9.160400000000001455e+03
9.149599999999998545e+03
9.179600000000000364e+03
9.233600000000000364e+03
9.094600000000000364e+03
9.226000000000000000e+03
9.252600000000000364e+03
9.215599999999998545e+03
9.158800000000001091e+03
8.709999999999996362e+03
9.202200000000000728e+03
9.212200000000000728e+03
9.208000000000001819e+03
9.101400000000001455e+03
9.106399999999999636e+03
9.163800000000001091e+03
9.180600000000002183e+03
9.222399999999999636e+03
9.252000000000000000e+03
9.136200000000000728e+03
9.151399999999999636e+03
9.181200000000000728e+03
9.233400000000001455e+03
8.917800000000001091e+03
9.171200000000000728e+03
9.180800000000002910e+03
9.225000000000000000e+03
9.022000000000001819e+03
9.203600000000000364e+03
9.123600000000000364e+03
9.158400000000001455e+03
9.157800000000001091e+03
9.215000000000000000e+03
9.170800000000002910e+03
9.172000000000000000e+03
9.182400000000001455e+03
9.258000000000000000e+03
9.126600000000000364e+03
9.234800000000002910e+03
9.227600000000000364e+03
9.227399999999999636e+03
9.175799999999999272e+03
9.250399999999997817e+03
9.225000000000000000e+03
9.225799999999999272e+03
9.193200000000000728e+03
9.248799999999999272e+03
9.231199999999998909e+03
9.233600000000002183e+03
9.202599999999998545e+03
9.158399999999999636e+03
9.200200000000000728e+03
9.264000000000001819e+03
9.219399999999999636e+03
9.219200000000000728e+03
9.169799999999999272e+03
9.206000000000000000e+03
9.190200000000000728e+03
9.195200000000000728e+03
9.259799999999999272e+03
9.157799999999999272e+03
9.236200000000000728e+03
9.083199999999998909e+03
9.166000000000001819e+03
9.198200000000000728e+03
9.244800000000001091e+03
9.194400000000001455e+03
9.220600000000000364e+03
9.205800000000001091e+03
9.227599999999998545e+03
9.188000000000000000e+03
9.190600000000000364e+03
9.173600000000000364e+03
9.268000000000000000e+03
9.271000000000000000e+03
9.213799999999999272e+03
9.239800000000001091e+03
9.160400000000001455e+03
9.143999999999998181e+03
9.221800000000001091e+03
9.167600000000000364e+03
9.253200000000000728e+03
9.148600000000000364e+03
9.192000000000001819e+03
9.195200000000000728e+03
9.069800000000001091e+03
9.270600000000000364e+03
9.193599999999998545e+03
9.269800000000001091e+03
9.182199999999998909e+03
9.115199999999998909e+03
9.260400000000001455e+03
9.222400000000001455e+03
9.280400000000001455e+03
9.204399999999997817e+03
9.219800000000001091e+03
9.180599999999998545e+03
9.209600000000000364e+03
9.147000000000001819e+03
9.255799999999999272e+03
9.114799999999999272e+03
9.083999999999998181e+03
9.209000000000001819e+03
9.161600000000002183e+03
9.199799999999999272e+03
8.983200000000000728e+03
9.138600000000000364e+03
9.236000000000001819e+03
9.196000000000000000e+03
9.289800000000001091e+03
9.216199999999998909e+03
9.235400000000001455e+03
9.108599999999998545e+03
9.050199999999998909e+03
9.179799999999999272e+03
9.230399999999999636e+03
9.152200000000000728e+03
9.259600000000000364e+03
9.261000000000000000e+03
9.149399999999999636e+03
9.202600000000002183e+03
9.178200000000000728e+03
9.215200000000000728e+03
9.226400000000001455e+03
9.177200000000002547e+03
9.161600000000000364e+03
9.198000000000001819e+03
9.105199999999998909e+03
9.241000000000001819e+03
9.269800000000001091e+03
9.173200000000000728e+03
9.215200000000000728e+03
9.136400000000001455e+03
9.089199999999998909e+03
9.025199999999998909e+03
9.246600000000000364e+03
9.236200000000000728e+03
9.247600000000000364e+03
9.110199999999998909e+03
9.193600000000000364e+03
9.216000000000000000e+03
9.175000000000000000e+03
9.186800000000001091e+03
9.250599999999998545e+03
9.199799999999999272e+03
9.200400000000001455e+03
9.176000000000000000e+03
9.205400000000001455e+03
9.120200000000000728e+03
9.266200000000000728e+03
9.237000000000000000e+03
9.136399999999999636e+03
9.236200000000000728e+03
9.261000000000001819e+03
9.220600000000000364e+03
9.227000000000000000e+03
9.222799999999999272e+03
9.226000000000000000e+03
9.174400000000001455e+03
9.239000000000000000e+03
9.214000000000000000e+03
9.271200000000002547e+03
9.203000000000000000e+03
9.153600000000000364e+03
9.178200000000000728e+03
9.222000000000000000e+03
9.248600000000000364e+03
9.279000000000000000e+03
9.233600000000000364e+03
9.242600000000000364e+03
9.194800000000001091e+03
9.221799999999999272e+03
9.219399999999999636e+03
9.240600000000000364e+03
9.141800000000001091e+03
9.195000000000001819e+03
9.208000000000000000e+03
9.155399999999999636e+03
9.205599999999998545e+03
9.239600000000000364e+03
9.263400000000003274e+03
9.263600000000002183e+03
9.252399999999999636e+03
8.975000000000000000e+03
9.210000000000000000e+03
9.228399999999999636e+03
9.169000000000000000e+03
9.244800000000001091e+03
9.223800000000002910e+03
9.182200000000000728e+03
9.254600000000002183e+03
9.186000000000001819e+03
9.234399999999999636e+03
9.172600000000002183e+03
9.174000000000001819e+03
9.261000000000001819e+03
9.248000000000000000e+03
9.213799999999999272e+03
9.204399999999999636e+03
9.254399999999999636e+03
9.247200000000000728e+03
9.172200000000000728e+03
9.208200000000000728e+03
9.187400000000001455e+03
9.265400000000001455e+03
9.129199999999998909e+03
9.123000000000001819e+03
9.230200000000000728e+03
9.113599999999998545e+03
9.188800000000001091e+03
9.234199999999998909e+03
9.190200000000000728e+03
9.226199999999998909e+03
9.262000000000001819e+03
9.123199999999998909e+03
9.256399999999999636e+03
9.284600000000002183e+03
9.149400000000001455e+03
9.269800000000001091e+03
9.272000000000000000e+03
9.236799999999999272e+03
9.151199999999998909e+03
9.242400000000001455e+03
9.257000000000000000e+03
9.117399999999999636e+03
9.180200000000000728e+03
9.092800000000001091e+03
9.122000000000000000e+03
9.162599999999998545e+03
9.268399999999999636e+03
9.133400000000001455e+03
9.221000000000000000e+03
9.276000000000001819e+03
9.222800000000001091e+03
9.286000000000001819e+03
9.294600000000002183e+03
9.240399999999999636e+03
9.117400000000001455e+03
9.261000000000000000e+03
9.229199999999998909e+03
9.223200000000000728e+03
9.199600000000000364e+03
9.173600000000000364e+03
9.253400000000001455e+03
9.189000000000000000e+03
9.272600000000002183e+03
9.258399999999999636e+03
9.232200000000000728e+03
9.215200000000000728e+03
8.988599999999996726e+03
9.205800000000001091e+03
9.240800000000001091e+03
9.259199999999998909e+03
9.245600000000002183e+03
9.228799999999999272e+03
9.192800000000001091e+03
9.163199999999998909e+03
9.181600000000000364e+03
9.222000000000000000e+03
9.207799999999999272e+03
9.216399999999999636e+03
9.241800000000001091e+03
9.228599999999998545e+03
9.253600000000002183e+03
9.122600000000000364e+03
9.208200000000000728e+03
9.167200000000000728e+03
9.194800000000001091e+03
9.245000000000000000e+03
9.146600000000000364e+03
9.145400000000001455e+03
9.286000000000001819e+03
9.247400000000001455e+03
9.113000000000000000e+03
8.541399999999994179e+03
9.132200000000000728e+03
9.233599999999998545e+03
9.306400000000001455e+03
9.274000000000001819e+03
9.262000000000000000e+03
9.233199999999998909e+03
9.204600000000000364e+03
9.306200000000000728e+03
9.266400000000001455e+03
9.217600000000002183e+03
9.169000000000000000e+03
9.208399999999999636e+03
9.268000000000001819e+03
9.253399999999999636e+03
9.268200000000000728e+03
9.256000000000000000e+03
9.243200000000000728e+03
9.248600000000002183e+03
9.155600000000002183e+03
9.266000000000000000e+03
9.215400000000001455e+03
9.066800000000001091e+03
9.123400000000001455e+03
9.181400000000001455e+03
9.019799999999999272e+03
9.197600000000000364e+03
9.226399999999999636e+03
9.084799999999997453e+03
9.221200000000000728e+03
9.228000000000000000e+03
9.262600000000002183e+03
9.234400000000001455e+03
9.258600000000000364e+03
9.241400000000001455e+03
9.249800000000001091e+03
9.249600000000000364e+03
9.237600000000002183e+03
9.225799999999999272e+03
9.186400000000001455e+03
9.185600000000000364e+03
9.253799999999999272e+03
9.213000000000001819e+03
9.204200000000002547e+03
9.239600000000000364e+03
9.035000000000000000e+03
9.282600000000002183e+03
9.291000000000003638e+03
9.252799999999999272e+03
9.279600000000000364e+03
9.181799999999999272e+03
9.209000000000000000e+03
9.255600000000000364e+03
9.154000000000000000e+03
9.275000000000000000e+03
9.194000000000000000e+03
9.097999999999998181e+03
9.251600000000000364e+03
9.188399999999999636e+03
9.127800000000001091e+03
9.226000000000001819e+03
9.206000000000000000e+03
9.079000000000000000e+03
9.276000000000001819e+03
9.247799999999999272e+03
9.179000000000000000e+03
9.194999999999998181e+03
9.287799999999999272e+03
9.090200000000000728e+03
9.212800000000001091e+03
9.060399999999999636e+03
9.219000000000000000e+03
9.176800000000001091e+03
9.232400000000001455e+03
9.181000000000000000e+03
9.248799999999999272e+03
9.247200000000000728e+03
9.133200000000000728e+03
9.275600000000000364e+03
9.106600000000000364e+03
9.287200000000000728e+03
9.285400000000001455e+03
9.263000000000000000e+03
9.153800000000001091e+03
9.272400000000001455e+03
9.209800000000001091e+03
9.177600000000000364e+03
9.301000000000003638e+03
9.235799999999999272e+03
9.122799999999999272e+03
9.270800000000001091e+03
9.162400000000001455e+03
9.266200000000000728e+03
9.235800000000001091e+03
9.292200000000000728e+03
9.100600000000000364e+03
9.218599999999998545e+03
9.245200000000000728e+03
9.236200000000000728e+03
9.215200000000000728e+03
9.005600000000000364e+03
9.235800000000001091e+03
9.178800000000002910e+03
9.210000000000001819e+03
9.219599999999998545e+03
9.155200000000000728e+03
9.306800000000001091e+03
9.213399999999999636e+03
9.295400000000001455e+03
9.174200000000000728e+03
9.035199999999998909e+03
9.245600000000000364e+03
9.303800000000002910e+03
9.264399999999999636e+03
9.252200000000000728e+03
9.169800000000002910e+03
9.285400000000001455e+03
9.090399999999999636e+03
9.182399999999999636e+03
9.248800000000001091e+03
9.282400000000001455e+03
9.244399999999999636e+03
9.239599999999998545e+03
9.257200000000002547e+03
9.190399999999999636e+03
9.223599999999998545e+03
9.193600000000000364e+03
9.228000000000000000e+03
9.239800000000001091e+03
9.244199999999998909e+03
9.270600000000002183e+03
9.255600000000000364e+03
9.273200000000000728e+03
9.247600000000000364e+03
9.233000000000000000e+03
9.202399999999999636e+03
9.150000000000000000e+03
9.226399999999999636e+03
9.045400000000001455e+03
9.150399999999999636e+03
9.209600000000000364e+03
9.209000000000000000e+03
9.135200000000000728e+03
8.948400000000001455e+03
9.050799999999997453e+03
9.108000000000001819e+03
9.224599999999998545e+03
9.077799999999999272e+03
9.193999999999998181e+03
9.264000000000000000e+03
9.284000000000000000e+03
9.284400000000001455e+03
9.224200000000000728e+03
9.210400000000001455e+03
9.243400000000001455e+03
9.251200000000000728e+03
9.207200000000000728e+03
9.263000000000001819e+03
9.262400000000001455e+03
9.256000000000000000e+03
9.142399999999999636e+03
9.218200000000000728e+03
9.109799999999999272e+03
9.222399999999999636e+03
9.073399999999999636e+03
9.294800000000001091e+03
9.265799999999999272e+03
9.245800000000002910e+03
9.307400000000001455e+03
9.300400000000001455e+03
9.259799999999999272e+03
9.269400000000001455e+03
9.182400000000001455e+03
9.136200000000000728e+03
9.245399999999999636e+03
9.248800000000001091e+03
9.226200000000000728e+03
9.283000000000001819e+03
9.248799999999999272e+03
9.292400000000001455e+03
9.253000000000000000e+03
9.229600000000000364e+03
9.214400000000001455e+03
9.175000000000001819e+03
9.210200000000000728e+03
9.224200000000000728e+03
9.234000000000000000e+03
9.124600000000000364e+03
9.180600000000002183e+03
9.222400000000001455e+03
9.189599999999998545e+03
9.230399999999999636e+03
9.070399999999999636e+03
9.275800000000001091e+03
9.248600000000002183e+03
9.249200000000000728e+03
9.170200000000000728e+03
9.223599999999998545e+03
9.226200000000000728e+03
9.240000000000000000e+03
9.256600000000002183e+03
9.193000000000000000e+03
9.289799999999999272e+03
9.208599999999998545e+03
8.945399999999997817e+03
9.257199999999998909e+03
9.176200000000000728e+03
9.269200000000000728e+03
9.267999999999998181e+03
9.277600000000000364e+03
9.263799999999999272e+03
9.291800000000002910e+03
9.270200000000000728e+03
9.201000000000000000e+03
9.227000000000000000e+03
9.262600000000002183e+03
9.179799999999999272e+03
9.294200000000002547e+03
9.270000000000000000e+03
9.263999999999998181e+03
9.282200000000000728e+03
9.258000000000000000e+03
9.255199999999998909e+03
9.280600000000000364e+03
9.227000000000000000e+03
9.256000000000000000e+03
8.914399999999997817e+03
9.192399999999999636e+03
9.203200000000000728e+03
9.236199999999998909e+03
9.193200000000000728e+03
9.234000000000000000e+03
9.246799999999999272e+03
9.244000000000000000e+03
9.220000000000001819e+03
9.176400000000001455e+03
9.181200000000000728e+03
9.294000000000001819e+03
9.264600000000000364e+03
9.279200000000000728e+03
9.183400000000001455e+03
9.234799999999999272e+03
9.215799999999999272e+03
9.097399999999997817e+03
8.864399999999997817e+03
9.198799999999999272e+03
9.205200000000002547e+03
9.303200000000000728e+03
9.220399999999997817e+03
9.217199999999997090e+03
9.258800000000001091e+03
9.258599999999998545e+03
9.288200000000000728e+03
9.262600000000002183e+03
9.156199999999998909e+03
9.280799999999999272e+03
9.213000000000001819e+03
9.237200000000000728e+03
9.282800000000002910e+03
9.230000000000000000e+03
9.246000000000000000e+03
9.182799999999999272e+03
9.254000000000000000e+03
9.302800000000001091e+03
9.274200000000000728e+03
9.222800000000001091e+03
9.285200000000000728e+03
9.169799999999999272e+03
9.288600000000002183e+03
9.245799999999999272e+03
9.242800000000001091e+03
9.283400000000001455e+03
9.057199999999998909e+03
9.276600000000000364e+03
9.254800000000001091e+03
9.258799999999999272e+03
9.249600000000000364e+03
9.264600000000000364e+03
9.241600000000000364e+03
9.241000000000001819e+03
9.239000000000000000e+03
9.262400000000001455e+03
9.102600000000000364e+03
9.187000000000000000e+03
9.240000000000000000e+03
9.109200000000000728e+03
9.189400000000001455e+03
9.238399999999999636e+03
9.269800000000001091e+03
9.123199999999998909e+03
9.256800000000002910e+03
9.272799999999999272e+03
9.223599999999998545e+03
9.206000000000000000e+03
9.116200000000000728e+03
9.175000000000000000e+03
9.233200000000000728e+03
9.272799999999999272e+03
9.155200000000000728e+03
9.225799999999999272e+03
9.239200000000000728e+03
9.162399999999999636e+03
9.276399999999999636e+03
9.146600000000000364e+03
9.165199999999998909e+03
9.044399999999999636e+03
9.222000000000000000e+03
9.185400000000001455e+03
9.251000000000001819e+03
9.230400000000001455e+03
9.259399999999999636e+03
9.288200000000000728e+03
9.223600000000000364e+03
9.270000000000001819e+03
9.258400000000001455e+03
9.185399999999999636e+03
9.279600000000000364e+03
9.157200000000000728e+03
9.300000000000001819e+03
9.289200000000004366e+03
9.282400000000001455e+03
9.268200000000002547e+03
9.258799999999999272e+03
9.240400000000001455e+03
9.256400000000001455e+03
8.991600000000000364e+03
9.229000000000000000e+03
9.283200000000000728e+03
9.299800000000002910e+03
9.218000000000001819e+03
9.215600000000000364e+03
9.172600000000002183e+03
9.232800000000002910e+03
9.204400000000001455e+03
9.205000000000001819e+03
9.287400000000001455e+03
9.227799999999999272e+03
9.073399999999999636e+03
9.287000000000000000e+03
9.237600000000002183e+03
9.274600000000000364e+03
9.268600000000002183e+03
9.267600000000000364e+03
9.282800000000001091e+03
9.243399999999999636e+03
9.276000000000000000e+03
9.214000000000000000e+03
9.292800000000002910e+03
9.281200000000000728e+03
9.188000000000000000e+03
9.212800000000001091e+03
9.162200000000000728e+03
9.274399999999999636e+03
9.184399999999999636e+03
9.207799999999999272e+03
9.268000000000001819e+03
9.203600000000000364e+03
9.242799999999999272e+03
9.305600000000000364e+03
9.257600000000000364e+03
9.098799999999997453e+03
9.020600000000000364e+03
9.046199999999997090e+03
9.138199999999998909e+03
9.255000000000000000e+03
9.256000000000000000e+03
9.187800000000001091e+03
9.269000000000001819e+03
9.270800000000001091e+03
9.230199999999998909e+03
9.294800000000002910e+03
9.204000000000000000e+03
9.207000000000000000e+03
9.247000000000000000e+03
9.200600000000000364e+03
9.133200000000000728e+03
9.232599999999998545e+03
9.231199999999998909e+03
9.267199999999998909e+03
9.134000000000000000e+03
9.093199999999998909e+03
9.277400000000001455e+03
9.259600000000000364e+03
9.250800000000001091e+03
9.217799999999999272e+03
9.253800000000001091e+03
9.245000000000001819e+03
9.289800000000001091e+03
9.287399999999999636e+03
9.206200000000000728e+03
9.284600000000002183e+03
9.214600000000000364e+03
9.231400000000001455e+03
9.235800000000001091e+03
9.186800000000001091e+03
9.298800000000002910e+03
9.272399999999999636e+03
9.050799999999999272e+03
9.267200000000000728e+03
9.227599999999998545e+03
9.291200000000004366e+03
9.242600000000000364e+03
9.137799999999999272e+03
9.305800000000001091e+03
9.178799999999999272e+03
9.047800000000001091e+03
9.302000000000001819e+03
9.184600000000002183e+03
9.192200000000000728e+03
9.263199999999998909e+03
9.185399999999999636e+03
9.125800000000001091e+03
9.236200000000000728e+03
9.189399999999999636e+03
9.218200000000000728e+03
9.276799999999999272e+03
9.251199999999998909e+03
9.233200000000000728e+03
9.291000000000001819e+03
9.166600000000000364e+03
9.257399999999999636e+03
9.269200000000000728e+03
9.140599999999998545e+03
8.892999999999998181e+03
9.186800000000001091e+03
9.244000000000000000e+03
9.305000000000001819e+03
9.267000000000000000e+03
9.283200000000002547e+03
9.254799999999999272e+03
9.116800000000001091e+03
9.203000000000001819e+03
9.244799999999999272e+03
9.212200000000000728e+03
9.127599999999998545e+03
9.253800000000001091e+03
9.237200000000000728e+03
9.298800000000002910e+03
9.255399999999999636e+03
9.024199999999998909e+03
9.241600000000000364e+03
9.274000000000000000e+03
9.256600000000000364e+03
9.059999999999998181e+03
9.277199999999998909e+03
9.257799999999999272e+03
9.235800000000001091e+03
9.280200000000000728e+03
9.118400000000001455e+03
9.107600000000000364e+03
9.252200000000000728e+03
9.283400000000001455e+03
9.262000000000000000e+03
9.261800000000002910e+03
9.229799999999999272e+03
9.245400000000001455e+03
9.248799999999999272e+03
9.242800000000001091e+03
9.274200000000000728e+03
9.238000000000001819e+03
9.226599999999998545e+03
9.188399999999999636e+03
9.249399999999999636e+03
9.028800000000001091e+03
9.293600000000002183e+03
9.211199999999998909e+03
9.257000000000000000e+03
9.291200000000004366e+03
9.201600000000000364e+03
9.297800000000002910e+03
9.294200000000002547e+03
9.239000000000001819e+03
9.277000000000000000e+03
9.168800000000002910e+03
9.277200000000002547e+03
9.217200000000000728e+03
9.258000000000000000e+03
9.273600000000000364e+03
9.265600000000000364e+03
9.245800000000002910e+03
9.266800000000001091e+03
9.267200000000000728e+03
9.213400000000001455e+03
9.255000000000001819e+03
9.270200000000000728e+03
9.177399999999999636e+03
9.221200000000000728e+03
9.222200000000000728e+03
9.284200000000000728e+03
9.273800000000001091e+03
9.281600000000000364e+03
9.263200000000000728e+03
9.297200000000000728e+03
9.203800000000001091e+03
9.247200000000002547e+03
9.273599999999998545e+03
9.250400000000001455e+03
9.253600000000002183e+03
9.282000000000000000e+03
9.155000000000000000e+03
9.236600000000000364e+03
9.252200000000002547e+03
9.282600000000002183e+03
9.209400000000001455e+03
9.232200000000000728e+03
9.207799999999999272e+03
9.275200000000000728e+03
9.202600000000002183e+03
9.259000000000000000e+03
9.278600000000000364e+03
9.228799999999999272e+03
9.200399999999999636e+03
9.278400000000001455e+03
9.248000000000000000e+03
9.238000000000000000e+03
9.274200000000002547e+03
9.240200000000002547e+03
9.260799999999999272e+03
9.271000000000000000e+03
9.248799999999999272e+03
9.224000000000000000e+03
9.223000000000000000e+03
9.242600000000002183e+03
9.196200000000000728e+03
9.171600000000000364e+03
9.275200000000000728e+03
9.218400000000001455e+03
9.268400000000001455e+03
9.246200000000000728e+03
9.184400000000001455e+03
9.210799999999999272e+03
9.256200000000000728e+03
9.156399999999999636e+03
9.229200000000000728e+03
9.274000000000000000e+03
9.282600000000002183e+03
9.264200000000000728e+03
9.177600000000000364e+03
9.253199999999998909e+03
8.982000000000000000e+03
9.224399999999999636e+03
9.217200000000000728e+03
9.250600000000000364e+03
9.224600000000002183e+03
9.245600000000000364e+03
9.208800000000001091e+03
9.266399999999999636e+03
9.258800000000002910e+03
9.281800000000001091e+03
9.237199999999998909e+03
9.209600000000000364e+03
9.259600000000000364e+03
9.250399999999999636e+03
9.249799999999999272e+03
9.205000000000001819e+03
9.191400000000001455e+03
9.222199999999998909e+03
9.275799999999999272e+03
9.276399999999999636e+03
9.064399999999999636e+03
9.184000000000001819e+03
9.227399999999999636e+03
9.229800000000001091e+03
9.239599999999998545e+03
9.144000000000000000e+03
9.242799999999999272e+03
9.115799999999999272e+03
9.199399999999999636e+03
9.248600000000000364e+03
9.222000000000000000e+03
9.231600000000000364e+03
9.244799999999999272e+03
9.216000000000000000e+03
9.247200000000000728e+03
9.234600000000000364e+03
9.258200000000000728e+03
9.207800000000002910e+03
9.248400000000001455e+03
9.241600000000000364e+03
9.146400000000001455e+03
9.251600000000000364e+03
9.266000000000001819e+03
9.235000000000000000e+03
9.279799999999999272e+03
9.265200000000000728e+03
9.195400000000001455e+03
9.202000000000001819e+03
9.174199999999998909e+03
9.236600000000002183e+03
9.246600000000000364e+03
9.301400000000001455e+03
9.205800000000001091e+03
9.274400000000001455e+03
9.237599999999998545e+03
9.230600000000000364e+03
9.256600000000000364e+03
9.179800000000001091e+03
9.257200000000000728e+03
9.273000000000001819e+03
9.273000000000000000e+03
9.268600000000000364e+03
9.231000000000000000e+03
9.218400000000001455e+03
9.258000000000001819e+03
9.142200000000000728e+03
9.261000000000001819e+03
9.251399999999999636e+03
9.184799999999999272e+03
9.259600000000002183e+03
9.279800000000001091e+03
9.258199999999998909e+03
9.305600000000000364e+03
9.285200000000000728e+03
9.211199999999998909e+03
9.248000000000000000e+03
9.262400000000001455e+03
9.262800000000001091e+03
9.247600000000000364e+03
9.241199999999998909e+03
9.236200000000000728e+03
9.284000000000000000e+03
9.239800000000001091e+03
9.244799999999999272e+03
9.181000000000001819e+03
9.233599999999998545e+03
9.245600000000000364e+03
9.252200000000000728e+03
9.279400000000001455e+03
9.265000000000001819e+03
9.235000000000001819e+03
9.211199999999998909e+03
9.299600000000002183e+03
9.268400000000001455e+03
9.231600000000000364e+03
9.184000000000001819e+03
9.205800000000001091e+03
9.256799999999999272e+03
9.305000000000000000e+03
9.257800000000001091e+03
9.200200000000000728e+03
9.131799999999999272e+03
9.267399999999999636e+03
9.264200000000000728e+03
9.263800000000001091e+03
9.169600000000000364e+03
9.252800000000001091e+03
9.228600000000000364e+03
9.225200000000000728e+03
9.211000000000000000e+03
9.149399999999999636e+03
9.207400000000001455e+03
9.220799999999999272e+03
9.262800000000001091e+03
9.070000000000001819e+03
9.154200000000000728e+03
9.110399999999999636e+03
9.265200000000000728e+03
9.244799999999999272e+03
9.286200000000000728e+03
9.220200000000000728e+03
9.231200000000000728e+03
9.231799999999999272e+03
9.260399999999999636e+03
9.271200000000000728e+03
9.302600000000002183e+03
9.271600000000002183e+03
9.155400000000001455e+03
9.220000000000000000e+03
9.247000000000000000e+03
9.128200000000000728e+03
9.191199999999998909e+03
9.290000000000000000e+03
9.273600000000000364e+03
9.212599999999998545e+03
9.298200000000002547e+03
9.208200000000000728e+03
9.078600000000000364e+03
9.284800000000001091e+03
9.134800000000001091e+03
9.275000000000000000e+03
9.257000000000001819e+03
9.292400000000001455e+03
9.199200000000000728e+03
9.239399999999999636e+03
9.279199999999998909e+03
9.219800000000001091e+03
9.230000000000000000e+03
9.197600000000000364e+03
9.146999999999998181e+03
9.168600000000000364e+03
9.173000000000000000e+03
9.283800000000001091e+03
9.265000000000000000e+03
9.147800000000001091e+03
9.262600000000002183e+03
9.257200000000000728e+03
9.266600000000000364e+03
9.169600000000000364e+03
9.298600000000002183e+03
9.269800000000001091e+03
9.148200000000000728e+03
9.287000000000000000e+03
9.290600000000000364e+03
9.274600000000000364e+03
9.277399999999999636e+03
9.278000000000001819e+03
9.252200000000000728e+03
8.914599999999998545e+03
9.303800000000002910e+03
9.290799999999999272e+03
9.279000000000000000e+03
9.257800000000001091e+03
9.238400000000001455e+03
9.253000000000000000e+03
9.293000000000001819e+03
9.162399999999999636e+03
9.270200000000000728e+03
9.213800000000001091e+03
9.201800000000001091e+03
9.207199999999998909e+03
9.238199999999998909e+03
9.240000000000001819e+03
9.280200000000002547e+03
9.252800000000001091e+03
9.167000000000000000e+03
9.122200000000000728e+03
9.061799999999999272e+03
9.297400000000001455e+03
9.282400000000001455e+03
9.294800000000001091e+03
9.234200000000000728e+03
9.133399999999997817e+03
9.276200000000002547e+03
9.267200000000000728e+03
9.223200000000000728e+03
9.260800000000001091e+03
9.246200000000000728e+03
9.244000000000000000e+03
9.206200000000002547e+03
9.257200000000000728e+03
9.261000000000001819e+03
9.269599999999998545e+03
9.128399999999999636e+03
9.121000000000000000e+03
9.290000000000003638e+03
9.273600000000002183e+03
9.005999999999998181e+03
9.235000000000000000e+03
9.171200000000000728e+03
9.221000000000000000e+03
9.306600000000000364e+03
9.292400000000001455e+03
9.272200000000002547e+03
9.306800000000001091e+03
9.283000000000001819e+03
9.306800000000002910e+03
9.231600000000000364e+03
9.253199999999998909e+03
9.230399999999999636e+03
9.201600000000002183e+03
9.266800000000001091e+03
9.246199999999998909e+03
9.134200000000002547e+03
9.270000000000000000e+03
9.200000000000000000e+03
8.940600000000000364e+03
9.281800000000002910e+03
9.294000000000001819e+03
9.252000000000000000e+03
9.249800000000001091e+03
9.288399999999999636e+03
9.289600000000002183e+03
9.261000000000000000e+03
9.250999999999998181e+03
9.212799999999999272e+03
9.190600000000000364e+03
9.290800000000002910e+03
9.281800000000001091e+03
9.254800000000001091e+03
9.262000000000000000e+03
9.290000000000003638e+03
9.284400000000001455e+03
9.276600000000000364e+03
9.293600000000002183e+03
9.221399999999999636e+03
9.284000000000001819e+03
9.281800000000002910e+03
9.200000000000001819e+03
9.265200000000002547e+03
9.189600000000000364e+03
9.182200000000000728e+03
9.263600000000000364e+03
8.863399999999999636e+03
9.244799999999999272e+03
9.288600000000000364e+03
9.150400000000001455e+03
9.245799999999999272e+03
9.105999999999998181e+03
9.216600000000000364e+03
9.255399999999999636e+03
9.199800000000001091e+03
9.186199999999998909e+03
8.863000000000000000e+03
9.169599999999998545e+03
9.050400000000001455e+03
9.203799999999999272e+03
9.282200000000000728e+03
9.286399999999997817e+03
9.240600000000002183e+03
9.049600000000000364e+03
9.122400000000001455e+03
8.667599999999993088e+03
9.261800000000001091e+03
9.234800000000002910e+03
9.280400000000001455e+03
9.291200000000000728e+03
9.262200000000000728e+03
9.095000000000000000e+03
9.247200000000000728e+03
9.240399999999999636e+03
9.256800000000001091e+03
9.262200000000000728e+03
9.265000000000001819e+03
9.269800000000001091e+03
9.263400000000001455e+03
9.208399999999999636e+03
9.239399999999999636e+03
9.232600000000000364e+03
9.285200000000002547e+03
8.962400000000001455e+03
8.979400000000001455e+03
9.262200000000000728e+03
9.163600000000002183e+03
9.276000000000000000e+03
9.265600000000000364e+03
9.196400000000001455e+03
9.212200000000000728e+03
9.237400000000001455e+03
9.262000000000001819e+03
9.284600000000002183e+03
9.289800000000001091e+03
9.282600000000002183e+03
9.243200000000000728e+03
9.206600000000000364e+03
9.155000000000001819e+03
9.291000000000003638e+03
9.264799999999999272e+03
9.184000000000000000e+03
9.208799999999999272e+03
9.287800000000001091e+03
8.906199999999998909e+03
9.275400000000001455e+03
9.265200000000002547e+03
9.139399999999999636e+03
9.292600000000002183e+03
9.250000000000000000e+03
9.270200000000000728e+03
9.184799999999999272e+03
9.305600000000002183e+03
9.245000000000000000e+03
9.195199999999998909e+03
9.296400000000001455e+03
9.244600000000000364e+03
9.170400000000001455e+03
9.274199999999998909e+03
9.246600000000002183e+03
9.266600000000000364e+03
9.253800000000001091e+03
9.268600000000000364e+03
9.170599999999998545e+03
9.227600000000002183e+03
9.193599999999998545e+03
9.181600000000002183e+03
9.240000000000000000e+03
9.228000000000000000e+03
9.213000000000000000e+03
9.191000000000000000e+03
9.150399999999999636e+03
9.112199999999998909e+03
9.219000000000000000e+03
9.169600000000002183e+03
9.221200000000000728e+03
9.104000000000000000e+03
9.128000000000001819e+03
9.273800000000001091e+03
9.153200000000000728e+03
9.177799999999999272e+03
9.221799999999999272e+03
9.285200000000000728e+03
9.247800000000001091e+03
9.248200000000000728e+03
9.004599999999998545e+03
9.224399999999997817e+03
9.256600000000000364e+03
9.301400000000003274e+03
9.284400000000001455e+03
9.297600000000004002e+03
9.121400000000001455e+03
9.214199999999998909e+03
9.305600000000000364e+03
9.285200000000002547e+03
9.259000000000000000e+03
8.941800000000001091e+03
8.774799999999997453e+03
9.266000000000001819e+03
9.248800000000001091e+03
9.279600000000002183e+03
9.290400000000001455e+03
9.173800000000002910e+03
9.053600000000000364e+03
9.267400000000001455e+03
9.270600000000000364e+03
9.279200000000000728e+03
9.240399999999999636e+03
9.285200000000000728e+03
9.262800000000001091e+03
9.235000000000000000e+03
9.251600000000000364e+03
9.110399999999999636e+03
9.141600000000000364e+03
9.287600000000002183e+03
9.029600000000000364e+03
9.273200000000000728e+03
9.268200000000000728e+03
9.176800000000001091e+03
9.272400000000001455e+03
9.258399999999999636e+03
9.233600000000000364e+03
9.192600000000000364e+03
9.244600000000000364e+03
9.113800000000001091e+03
9.270800000000002910e+03
9.301800000000001091e+03
9.263800000000002910e+03
9.263800000000002910e+03
9.230200000000000728e+03
9.271200000000000728e+03
9.250600000000000364e+03
9.257600000000002183e+03
9.165400000000001455e+03
9.283800000000002910e+03
9.249800000000002910e+03
9.196000000000000000e+03
9.192399999999999636e+03
9.255800000000001091e+03
9.260400000000001455e+03
9.198799999999999272e+03
9.295600000000002183e+03
9.247399999999999636e+03
9.262200000000000728e+03
9.267800000000001091e+03
9.210800000000002910e+03
9.274600000000000364e+03
9.233000000000001819e+03
9.303600000000002183e+03
9.261400000000001455e+03
9.275000000000000000e+03
9.228199999999998909e+03
9.219799999999999272e+03
9.279400000000001455e+03
9.147600000000000364e+03
9.252000000000001819e+03
9.278600000000000364e+03
9.276200000000000728e+03
9.241600000000000364e+03
9.214399999999999636e+03
9.289200000000000728e+03
9.248399999999999636e+03
9.172200000000000728e+03
9.192000000000000000e+03
8.683399999999992360e+03
9.278399999999999636e+03
9.224600000000000364e+03
9.296400000000001455e+03
9.134400000000001455e+03
9.232399999999999636e+03
9.301200000000002547e+03
9.279200000000000728e+03
9.174600000000002183e+03
9.240000000000001819e+03
9.249200000000000728e+03
9.271400000000001455e+03
9.095000000000000000e+03
9.270200000000000728e+03
9.270799999999999272e+03
9.176400000000001455e+03
9.279600000000000364e+03
9.287200000000000728e+03
9.236000000000000000e+03
9.255200000000000728e+03
9.228399999999999636e+03
9.194000000000000000e+03
9.264799999999999272e+03
9.291200000000004366e+03
9.259000000000001819e+03
9.228600000000002183e+03
9.227599999999998545e+03
9.286400000000001455e+03
9.222999999999996362e+03
9.227199999999998909e+03
9.230600000000000364e+03
9.230200000000000728e+03
9.181800000000002910e+03
9.188400000000001455e+03
9.141000000000000000e+03
9.159999999999998181e+03
9.232799999999999272e+03
9.252799999999999272e+03
9.276000000000000000e+03
9.279200000000000728e+03
9.250000000000000000e+03
9.253000000000001819e+03
9.261600000000002183e+03
9.204599999999998545e+03
9.093199999999998909e+03
9.157799999999999272e+03
9.287000000000003638e+03
9.279000000000001819e+03
9.195400000000001455e+03
9.250400000000001455e+03
9.287200000000000728e+03
9.279200000000002547e+03
9.241400000000001455e+03
9.237800000000001091e+03
9.269000000000001819e+03
9.257799999999999272e+03
9.290600000000002183e+03
9.265600000000000364e+03
9.261200000000000728e+03
9.244400000000001455e+03
9.276200000000000728e+03
9.279000000000000000e+03
9.249600000000000364e+03
9.265400000000001455e+03
9.262000000000001819e+03
9.205000000000001819e+03
9.286400000000001455e+03
9.246200000000000728e+03
9.123799999999999272e+03
9.274000000000000000e+03
9.158200000000000728e+03
9.294000000000003638e+03
9.256800000000001091e+03
9.179800000000001091e+03
9.267800000000001091e+03
9.264600000000002183e+03
9.207799999999999272e+03
9.211799999999999272e+03
9.156800000000001091e+03
9.215599999999998545e+03
9.259200000000004366e+03
9.296800000000002910e+03
9.262000000000001819e+03
9.189600000000002183e+03
9.255200000000000728e+03
9.241800000000001091e+03
9.252600000000000364e+03
9.249200000000000728e+03
9.128200000000000728e+03
9.284400000000001455e+03
9.221400000000001455e+03
9.191399999999999636e+03
9.268600000000000364e+03
9.259000000000000000e+03
9.163200000000000728e+03
9.247600000000000364e+03
9.265799999999999272e+03
9.238000000000000000e+03
9.293400000000001455e+03
9.220200000000000728e+03
9.306800000000002910e+03
9.228399999999997817e+03
9.204600000000000364e+03
9.293600000000000364e+03
9.142399999999997817e+03
9.142800000000001091e+03
9.274799999999999272e+03
9.270200000000000728e+03
9.267000000000001819e+03
9.289000000000001819e+03
9.218800000000001091e+03
9.238599999999998545e+03
9.297800000000001091e+03
9.204200000000000728e+03
9.293600000000002183e+03
9.263200000000002547e+03
9.222000000000000000e+03
9.272000000000001819e+03
9.165200000000002547e+03
8.941200000000000728e+03
9.262000000000001819e+03
9.276200000000000728e+03
9.211599999999998545e+03
9.068399999999999636e+03
8.962800000000001091e+03
9.291600000000002183e+03
9.258800000000001091e+03
9.165000000000000000e+03
8.940000000000001819e+03
9.081800000000001091e+03
9.282800000000001091e+03
9.280200000000004366e+03
9.138600000000000364e+03
9.249400000000001455e+03
9.277399999999999636e+03
9.286200000000000728e+03
9.286000000000000000e+03
9.279800000000001091e+03
9.234200000000002547e+03
9.235200000000000728e+03
9.236799999999999272e+03
9.250800000000001091e+03
9.263800000000001091e+03
9.219600000000000364e+03
9.160000000000000000e+03
9.271000000000001819e+03
9.304000000000003638e+03
9.216800000000001091e+03
9.244200000000000728e+03
9.274800000000001091e+03
9.224000000000000000e+03
9.238400000000001455e+03
9.289600000000005821e+03
9.301400000000003274e+03
9.234600000000000364e+03
9.286600000000002183e+03
9.229200000000000728e+03
9.255600000000000364e+03
9.265200000000000728e+03
9.219200000000000728e+03
9.257800000000001091e+03
9.215799999999999272e+03
9.233400000000001455e+03
9.279600000000002183e+03
9.140600000000000364e+03
9.207800000000001091e+03
9.177800000000001091e+03
9.287200000000000728e+03
9.250400000000001455e+03
9.243400000000001455e+03
9.227200000000000728e+03
9.281400000000001455e+03
9.242999999999998181e+03
9.230400000000001455e+03
9.223800000000002910e+03
9.165600000000002183e+03
9.268200000000002547e+03
9.290600000000002183e+03
9.269200000000002547e+03
9.197400000000001455e+03
9.263200000000000728e+03
9.268000000000001819e+03
9.226599999999998545e+03
9.127000000000000000e+03
9.299400000000003274e+03
9.223399999999999636e+03
9.120399999999999636e+03
9.274400000000001455e+03
9.185400000000001455e+03
9.269400000000001455e+03
9.271400000000001455e+03
9.178999999999998181e+03
9.252200000000002547e+03
9.242200000000004366e+03
9.155200000000000728e+03
9.203400000000001455e+03
9.233400000000001455e+03
9.240799999999999272e+03
9.101799999999997453e+03
9.209600000000000364e+03
9.294600000000004002e+03
9.233399999999999636e+03
9.197200000000000728e+03
9.223200000000000728e+03
9.279000000000001819e+03
9.232200000000000728e+03
9.112799999999999272e+03
9.265000000000001819e+03
9.254199999999998909e+03
9.256200000000000728e+03
9.243199999999998909e+03
9.267400000000001455e+03
9.282200000000000728e+03
9.284000000000001819e+03
9.268000000000001819e+03
9.238000000000000000e+03
9.275799999999999272e+03
9.235200000000000728e+03
9.228200000000000728e+03
9.200200000000000728e+03
9.068999999999998181e+03
9.253400000000001455e+03
9.125000000000000000e+03
9.292800000000002910e+03
9.268800000000001091e+03
9.306400000000001455e+03
9.284200000000000728e+03
9.291200000000000728e+03
9.278000000000000000e+03
9.280600000000000364e+03
9.170000000000000000e+03
9.270600000000002183e+03
9.250799999999999272e+03
9.199199999999998909e+03
9.277000000000000000e+03
9.277200000000000728e+03
9.306800000000001091e+03
9.218000000000001819e+03
9.230000000000000000e+03
9.257000000000000000e+03
9.253600000000000364e+03
9.290200000000000728e+03
9.234000000000001819e+03
9.054800000000001091e+03
9.262600000000002183e+03
9.265600000000000364e+03
9.255000000000000000e+03
9.290200000000004366e+03
9.271200000000002547e+03
9.244399999999999636e+03
9.270799999999999272e+03
9.281200000000000728e+03
9.277800000000002910e+03
9.240600000000000364e+03
9.210000000000001819e+03
9.197600000000002183e+03
9.243199999999998909e+03
9.245400000000001455e+03
9.108200000000000728e+03
9.223799999999999272e+03
9.287600000000004002e+03
9.279399999999999636e+03
9.145200000000000728e+03
9.054000000000001819e+03
9.281400000000001455e+03
9.217799999999999272e+03
9.299000000000000000e+03
9.293000000000003638e+03
9.188199999999998909e+03
9.233399999999999636e+03
9.237400000000001455e+03
9.277000000000000000e+03
9.243800000000001091e+03
9.206399999999999636e+03
9.301400000000003274e+03
9.270200000000000728e+03
9.233600000000000364e+03
9.245799999999999272e+03
9.240600000000000364e+03
9.223200000000000728e+03
9.260400000000003274e+03
9.283600000000000364e+03
9.186400000000001455e+03
8.973400000000001455e+03
9.288000000000003638e+03
9.226000000000000000e+03
9.240000000000000000e+03
9.231800000000001091e+03
9.237000000000001819e+03
9.214200000000000728e+03
9.047200000000000728e+03
9.177799999999999272e+03
9.266800000000001091e+03
9.184799999999999272e+03
9.293800000000002910e+03
9.165600000000000364e+03
9.098399999999999636e+03
9.238399999999997817e+03
9.283400000000001455e+03
9.306800000000001091e+03
9.296799999999999272e+03
9.269000000000001819e+03
9.264800000000001091e+03
9.272600000000000364e+03
9.269000000000000000e+03
9.254799999999999272e+03
9.255000000000000000e+03
9.274399999999999636e+03
9.303000000000001819e+03
9.195800000000001091e+03
9.268800000000002910e+03
9.215199999999998909e+03
8.922000000000000000e+03
9.303800000000001091e+03
9.209799999999999272e+03
9.064199999999998909e+03
9.234000000000000000e+03
9.282399999999999636e+03
9.183800000000001091e+03
9.062600000000000364e+03
9.029799999999999272e+03
9.269799999999999272e+03
9.240799999999999272e+03
9.297600000000002183e+03
9.235800000000001091e+03
9.208600000000002183e+03
9.144599999999998545e+03
9.237000000000000000e+03
9.288200000000000728e+03
9.198200000000000728e+03
9.269600000000002183e+03
9.242600000000000364e+03
9.231799999999999272e+03
9.253399999999999636e+03
9.158600000000002183e+03
9.265000000000000000e+03
9.115000000000000000e+03
9.269000000000001819e+03
9.259600000000000364e+03
9.021600000000000364e+03
9.165600000000000364e+03
9.203600000000002183e+03
9.157200000000000728e+03
9.161800000000001091e+03
9.260200000000000728e+03
9.281400000000001455e+03
9.244600000000000364e+03
9.275000000000001819e+03
9.300800000000002910e+03
9.277800000000001091e+03
9.211800000000001091e+03
9.281000000000000000e+03
9.224000000000000000e+03
9.265200000000000728e+03
9.265000000000000000e+03
9.255799999999999272e+03
8.906399999999999636e+03
9.280000000000001819e+03
9.225200000000000728e+03
9.218799999999999272e+03
9.266000000000001819e+03
9.222400000000001455e+03
9.162400000000001455e+03
9.281200000000000728e+03
9.260000000000001819e+03
9.287200000000000728e+03
9.282200000000000728e+03
9.271000000000000000e+03
9.275600000000002183e+03
9.279400000000001455e+03
9.183799999999999272e+03
9.230399999999999636e+03
9.297200000000000728e+03
9.278200000000000728e+03
9.220000000000000000e+03
9.271200000000002547e+03
9.239800000000002910e+03
9.284400000000001455e+03
9.290200000000004366e+03
9.235200000000000728e+03
9.278000000000001819e+03
9.264200000000002547e+03
9.281800000000002910e+03
9.300200000000000728e+03
9.262799999999999272e+03
9.269000000000000000e+03
9.246400000000001455e+03
9.205200000000000728e+03
9.253600000000000364e+03
9.274800000000001091e+03
9.277800000000001091e+03
9.275399999999999636e+03
9.166400000000001455e+03
9.229400000000001455e+03
9.297800000000001091e+03
9.268200000000000728e+03
9.285399999999999636e+03
9.283600000000002183e+03
9.253200000000000728e+03
9.213200000000000728e+03
9.279800000000001091e+03
9.237999999999998181e+03
9.269400000000001455e+03
9.245800000000001091e+03
9.252399999999999636e+03
9.251600000000002183e+03
9.250399999999999636e+03
9.289799999999999272e+03
9.226400000000001455e+03
9.262600000000000364e+03
9.124399999999999636e+03
9.253199999999998909e+03
9.231399999999999636e+03
9.231200000000000728e+03
9.244400000000001455e+03
9.260799999999999272e+03
9.169600000000000364e+03
9.267399999999999636e+03
9.269000000000000000e+03
9.225399999999999636e+03
9.238200000000000728e+03
9.187799999999999272e+03
9.238200000000000728e+03
9.251800000000001091e+03
9.288600000000002183e+03
9.229200000000000728e+03
9.192800000000001091e+03
9.238000000000000000e+03
9.278400000000001455e+03
9.235199999999998909e+03
9.246000000000000000e+03
9.242200000000000728e+03
9.289200000000000728e+03
9.190799999999999272e+03
9.271000000000000000e+03
9.260799999999999272e+03
9.243599999999998545e+03
9.280800000000001091e+03
9.255799999999999272e+03
9.288600000000000364e+03
9.267600000000000364e+03
9.264200000000002547e+03
9.229400000000001455e+03
9.286400000000001455e+03
9.241400000000001455e+03
9.268800000000001091e+03
9.283000000000001819e+03
9.288200000000000728e+03
9.221200000000000728e+03
9.256799999999999272e+03
9.198000000000000000e+03
9.236600000000000364e+03
9.242799999999999272e+03
9.223200000000000728e+03
9.247400000000001455e+03
9.258399999999999636e+03
9.305800000000002910e+03
9.287400000000001455e+03
9.089399999999999636e+03
9.229600000000000364e+03
9.286200000000000728e+03
9.245800000000001091e+03
9.284000000000001819e+03
9.261600000000000364e+03
9.256399999999999636e+03
9.227000000000000000e+03
9.278800000000001091e+03
9.195000000000000000e+03
9.254800000000001091e+03
9.257200000000000728e+03
9.261800000000001091e+03
9.116200000000000728e+03
9.188200000000000728e+03
9.197000000000001819e+03
9.268799999999999272e+03
9.214799999999999272e+03
9.188200000000000728e+03
9.173200000000000728e+03
9.263200000000002547e+03
9.210000000000000000e+03
9.213200000000000728e+03
9.259399999999999636e+03
9.228800000000001091e+03
9.190000000000000000e+03
9.285000000000001819e+03
9.254199999999998909e+03
9.288000000000000000e+03
9.273400000000001455e+03
9.296600000000002183e+03
9.126600000000000364e+03
9.195800000000001091e+03
9.227600000000000364e+03
9.162200000000000728e+03
9.199200000000000728e+03
9.306400000000001455e+03
9.285200000000000728e+03
9.238799999999999272e+03
9.218399999999997817e+03
9.230400000000001455e+03
9.299800000000004729e+03
9.270400000000001455e+03
9.225400000000001455e+03
9.262000000000000000e+03
9.270600000000002183e+03
9.290000000000001819e+03
9.264400000000001455e+03
9.290600000000002183e+03
9.244400000000001455e+03
9.250600000000000364e+03
9.283000000000000000e+03
9.296600000000002183e+03
9.214399999999999636e+03
9.262400000000001455e+03
9.274600000000000364e+03
9.239800000000001091e+03
9.200399999999999636e+03
9.212799999999999272e+03
9.241600000000000364e+03
9.259599999999998545e+03
9.279400000000001455e+03
9.237199999999998909e+03
9.263000000000000000e+03
9.284600000000002183e+03
9.246600000000000364e+03
9.241200000000002547e+03
9.258200000000000728e+03
9.199199999999998909e+03
9.185799999999999272e+03
9.277199999999998909e+03
9.281799999999999272e+03
9.236000000000001819e+03
9.217599999999998545e+03
9.281799999999999272e+03
9.270000000000000000e+03
9.270799999999999272e+03
9.270800000000001091e+03
9.215400000000001455e+03
9.275600000000002183e+03
9.245399999999999636e+03
9.288800000000001091e+03
9.230000000000000000e+03
9.272399999999999636e+03
9.255000000000000000e+03
9.264600000000002183e+03
9.251000000000000000e+03
9.282000000000001819e+03
9.192600000000002183e+03
9.273600000000002183e+03
9.285200000000000728e+03
9.298800000000001091e+03
9.280000000000000000e+03
9.287000000000000000e+03
9.233399999999999636e+03
9.215000000000000000e+03
9.252600000000002183e+03
9.220399999999999636e+03
9.278800000000001091e+03
9.219400000000001455e+03
9.269600000000002183e+03
9.203799999999999272e+03
9.294200000000002547e+03
9.249799999999999272e+03
9.265600000000002183e+03
9.283200000000000728e+03
9.263000000000000000e+03
9.268400000000001455e+03
9.266000000000000000e+03
9.219000000000000000e+03
9.272000000000001819e+03
9.254400000000003274e+03
9.242200000000000728e+03
9.232600000000000364e+03
9.211800000000001091e+03
9.286600000000002183e+03
9.266399999999999636e+03
9.281600000000000364e+03
9.223200000000000728e+03
