14.7
14.0
13.5
13.1
12.7
13.0
14.7
16.3
18.6
21.1
23.3
25.2
26.4
26.7
27.0
26.6
25.0
24.7
23.6
22.1
20.9
20.2
19.7
19.7
18.8
18.3
17.7
17.9
17.6
17.8
18.5
19.0
19.7
20.2
20.3
19.9
19.7
19.3
19.0
19.0
18.3
18.1
18.2
18.4
18.5
18.3
18.1
18.3
18.5
18.6
18.6
18.0
18.1
17.7
17.6
17.8
17.8
17.8
18.7
19.2
20.0
20.9
20.6
20.1
19.2
18.4
17.8
17.1
16.6
16.5
11.8
11.6
11.0
10.3
10.5
10.1
9.8
9.6
10.8
12.5
15.9
17.1
17.8
15.7
15.3
17.8
18.6
21.0
20.5
19.5
17.5
16.2
15.6
14.0
13.3
12.6
10.9
11.2
11.0
10.2
10.8
12.1
14.2
15.8
17.9
19.7
21.9
22.9
23.1
23.9
23.5
24.3
23.5
22.5
21.3
20.3
19.9
18.2
16.5
16.0
14.1
13.5
12.7
12.4
12.2
12.4
13.4
15.4
18.1
20.9
21.4
20.7
19.9
19.5
19.7
18.9
17.8
15.4
14.7
14.8
15.0
15.0
14.8
14.8
14.9
15.0
15.2
15.3
15.5
15.6
15.7
16.3
17.0
17.1
17.2
17.5
17.7
18.4
18.4
18.5
18.5
18.3
18.3
18.1
18.0
17.9
17.9
17.6
17.6
17.3
17.0
15.8
14.9
15.6
16.0
17.7
18.5
18.7
18.8
18.7
17.6
17.6
17.5
17.5
17.0
15.3
14.6
14.0
13.9
13.5
13.4
13.5
13.8
13.8
13.6
13.9
13.7
13.0
14.4
15.9
16.2
16.2
16.4
17.6
18.1
19.0
18.7
17.9
17.4
16.1
14.4
13.6
13.0
12.5
12.1
11.3
11.3
10.8
9.4
10.0
9.4
9.5
11.5
13.0
14.8
16.5
17.1
18.7
20.1
20.3
21.0
20.1
19.6
18.9
17.8
16.0
14.3
13.8
12.2
11.7
10.3
9.9
9.3
9.0
8.2
8.5
10.2
13.0
15.9
17.9
20.1
21.8
23.7
23.5
24.4
24.1
23.2
20.8
19.3
17.8
15.8
14.8
14.0
13.4
12.6
12.0
11.7
11.2
11.2
11.2
13.4
14.9
17.9
21.0
22.0
22.8
24.7
24.9
24.3
23.9
23.1
22.2
20.2
19.4
19.1
18.9
18.3
17.5
17.5
16.8
16.5
16.9
16.8
16.6
17.1
16.7
16.4
17.1
16.9
17.5
17.5
17.8
18.0
17.5
17.4
17.5
17.4
17.6
17.4
17.3
17.0
17.1
17.2
16.7
16.9
16.8
16.4
16.0
17.1
18.5
21.2
22.5
23.6
24.8
25.9
25.9
26.1
26.6
26.0
24.5
22.8
21.0
20.2
18.9
18.4
17.6
16.8
16.1
15.5
14.9
14.7
14.7
16.2
18.6
20.7
23.6
25.3
26.5
27.4
28.4
28.7
28.3
27.4
26.7
24.1
22.5
21.2
20.2
19.4
18.8
18.3
17.8
17.9
17.3
17.1
17.1
18.2
20.6
21.1
22.8
25.0
25.0
24.6
25.1
26.4
26.4
25.0
23.6
22.5
22.2
21.7
21.0
20.8
20.3
19.6
19.3
19.0
18.6
18.5
18.7
19.4
20.5
22.1
23.6
24.8
27.3
28.3
29.7
28.9
27.6
27.5
26.2
25.4
24.8
24.0
23.0
22.3
21.4
21.0
20.9
21.0
20.9
20.9
20.9
21.5
22.8
23.5
24.4
26.7
27.1
27.9
28.0
26.1
25.8
25.6
24.2
23.1
22.5
21.9
22.0
22.4
22.3
19.3
18.5
17.7
16.9
16.8
16.7
17.2
17.5
17.4
18.4
18.0
19.2
19.6
19.1
18.8
17.9
17.6
16.6
15.0
14.2
13.6
12.5
11.6
11.1
10.4
10.0
9.9
9.6
9.2
10.2
12.1
14.9
16.5
18.1
19.2
20.3
20.3
20.0
20.8
20.9
21.1
20.3
19.5
19.1
18.8
18.4
18.0
17.6
17.1
16.9
16.8
16.0
15.4
15.6
17.3
19.3
20.9
22.5
23.6
24.1
24.0
25.0
25.6
25.8
25.1
23.9
22.8
20.4
19.5
18.6
17.3
16.7
15.6
15.0
14.6
13.6
13.0
13.4
16.1
18.8
21.7
22.9
23.6
23.9
24.5
25.4
25.3
25.4
24.9
24.3
23.2
22.2
21.6
21.0
20.2
20.1
19.5
19.0
19.2
19.4
19.0
18.0
17.5
17.4
17.4
17.0
17.1
17.0
17.1
17.7
17.5
18.0
17.9
18.1
18.0
18.1
18.2
18.1
17.9
17.6
16.9
16.2
14.9
14.1
13.1
13.6
15.3
17.7
19.1
21.5
23.3
24.9
26.4
26.7
27.3
27.0
26.6
25.4
23.8
22.0
20.4
18.7
18.0
17.2
16.8
16.4
15.6
15.1
14.7
15.1
16.6
19.4
21.8
24.6
26.2
27.8
27.4
28.2
28.2
27.7
26.9
26.0
24.0
22.6
21.1
20.8
19.8
19.5
19.3
18.5
18.5
18.0
17.9
17.8
18.2
19.5
20.7
21.8
23.5
24.9
26.8
26.9
27.3
25.9
25.9
25.1
23.9
22.0
21.5
20.5
19.7
18.5
17.9
17.6
16.9
16.8
16.2
17.0
18.2
20.1
22.1
24.0
24.8
27.2
28.2
28.3
27.8
28.1
26.9
25.9
24.4
23.6
22.4
21.9
21.3
20.7
20.4
20.3
19.9
19.8
19.5
19.3
20.0
20.6
21.7
22.7
24.0
24.9
24.2
25.3
24.5
23.7
23.5
22.8
22.4
21.7
21.6
21.3
21.0
20.7
20.8
21.1
20.8
20.7
20.3
20.7
21.3
22.4
23.6
24.0
23.7
23.7
22.7
22.0
22.4
22.6
21.8
21.7
21.7
21.3
21.1
20.4
20.4
20.0
19.7
19.5
19.7
19.3
19.4
19.4
19.7
19.3
19.6
19.6
20.1
19.9
20.7
21.2
21.2
21.2
19.9
20.4
20.4
20.3
19.7
19.6
19.0
18.7
18.3
18.3
18.2
18.2
18.3
18.4
18.7
19.0
19.3
20.0
20.2
21.7
23.3
24.1
24.4
24.4
24.0
23.1
22.0
21.0
19.8
18.7
18.7
16.9
