24.6
24.5
24.4
24.6
24.6
24.8
27.0
28.3
30.0
30.0
30.8
30.3
30.9
29.9
30.0
29.7
29.6
29.2
27.8
26.9
26.8
26.5
26.3
26.2
26.0
25.9
25.9
25.6
25.3
26.0
27.2
28.6
29.3
30.8
31.1
32.3
31.6
30.9
31.9
31.0
30.5
28.6
27.8
27.1
26.6
26.4
26.1
25.9
25.7
25.5
25.4
25.3
25.2
25.5
26.0
26.9
26.6
25.9
25.8
26.0
26.2
26.9
26.9
27.5
27.0
27.0
26.7
26.6
26.6
26.4
27.3
27.2
26.1
24.6
24.6
24.5
24.3
24.2
24.6
25.0
25.6
26.7
28.3
29.2
30.4
31.7
31.6
32.0
31.2
30.3
30.0
28.5
27.8
26.8
26.5
25.9
25.8
25.6
25.5
25.2
25.0
24.8
24.6
25.1
25.0
25.1
24.8
24.8
24.7
24.5
24.6
24.8
24.5
24.4
24.4
22.7
22.4
22.4
22.3
22.3
22.4
22.4
22.2
22.3
22.3
22.1
22.3
22.5
22.5
22.6
23.0
23.0
22.7
23.0
23.7
24.3
24.4
24.2
23.9
23.8
23.3
21.6
21.4
21.3
21.1
21.1
21.0
21.1
21.3
22.0
23.0
23.3
23.7
23.5
24.2
25.1
24.6
23.8
23.8
23.7
24.0
23.4
23.2
23.1
23.0
22.8
22.7
22.8
22.8
22.9
23.1
23.0
23.1
23.3
23.8
24.9
25.4
26.7
27.0
27.3
27.8
28.9
29.8
30.3
29.7
28.6
27.0
25.5
25.4
25.1
24.9
24.7
24.6
24.4
24.4
24.4
24.4
24.5
25.3
26.6
27.3
28.2
29.5
30.0
30.6
31.2
31.8
31.8
31.0
30.4
28.7
28.0
26.8
26.2
25.5
25.0
24.9
24.4
24.2
24.2
24.0
24.5
26.0
27.6
28.6
28.9
29.8
30.5
31.6
32.1
31.9
31.5
31.9
31.2
30.0
28.8
28.0
26.7
26.1
25.7
25.3
24.8
24.3
24.3
23.9
24.2
25.3
26.7
27.9
29.9
31.0
31.7
32.4
31.7
32.5
32.8
31.7
26.9
26.2
25.7
25.5
25.5
25.2
25.3
25.0
24.8
24.9
24.6
24.6
24.8
25.3
26.6
27.6
28.6
28.9
30.4
31.0
31.4
32.0
31.6
31.3
30.1
29.1
28.5
28.3
26.8
26.5
26.4
25.8
25.4
25.3
24.7
24.5
25.0
25.9
27.7
29.4
31.9
32.9
33.3
33.6
34.1
33.3
33.0
33.3
32.6
31.5
31.0
29.8
28.4
27.9
27.5
27.2
27.0
26.2
25.8
25.8
25.6
27.1
28.8
30.3
31.7
33.1
34.5
34.5
34.8
35.4
35.7
35.5
35.2
33.7
31.9
31.6
30.4
29.1
28.5
27.4
27.0
26.7
26.2
26.0
26.3
27.5
29.3
31.3
32.4
33.4
34.8
34.7
35.2
36.0
35.6
35.4
34.5
33.1
31.7
29.9
28.9
28.5
28.2
27.3
26.9
26.5
26.5
26.2
25.9
27.1
28.9
30.6
32.7
33.3
34.3
34.3
35.9
36.1
36.0
35.4
34.9
33.6
32.1
31.4
29.5
28.5
27.9
27.6
27.2
26.3
26.4
25.9
26.4
27.4
28.8
30.6
32.2
34.3
33.9
35.2
35.4
35.3
35.4
33.8
33.0
31.9
30.8
30.3
28.8
28.2
27.7
27.6
26.9
26.5
26.2
26.1
26.1
27.9
29.5
30.7
32.6
33.8
34.1
34.7
36.1
36.3
36.3
36.2
34.6
33.8
32.5
31.0
30.5
29.3
29.0
28.2
27.7
27.2
26.6
26.5
26.7
28.5
29.7
31.3
32.7
34.0
34.5
35.3
36.0
36.2
36.3
36.0
35.2
33.9
32.3
30.7
30.0
29.6
28.7
28.1
27.9
27.2
27.1
26.8
27.3
28.6
30.0
31.4
32.2
33.4
34.5
34.0
34.4
34.4
35.2
33.8
32.5
31.0
30.0
29.6
29.3
28.5
27.9
27.4
26.9
26.7
26.6
26.3
26.9
28.0
29.6
29.7
31.1
32.3
32.9
33.2
34.1
33.4
33.9
33.6
33.1
31.6
30.4
29.3
28.5
27.9
27.4
27.1
26.6
26.4
26.2
26.0
26.3
27.2
29.2
30.5
31.7
32.9
34.2
34.1
35.4
36.3
35.5
35.2
34.4
32.5
31.9
31.3
30.6
30.0
29.5
28.9
28.2
27.7
27.4
27.3
27.4
29.1
31.0
32.6
33.4
34.1
34.4
34.8
35.8
36.5
36.5
35.6
35.2
33.9
32.8
31.6
31.3
30.0
29.9
29.1
28.4
28.4
27.5
27.0
26.9
28.7
30.3
32.3
33.7
34.4
35.2
36.8
37.1
36.1
37.6
36.5
35.7
33.7
32.4
31.4
30.8
30.0
29.2
28.3
27.6
27.1
26.2
26.0
25.9
27.6
28.6
30.5
31.2
33.1
34.2
35.7
35.8
35.6
34.6
34.7
34.0
32.5
31.5
30.6
29.6
28.8
28.7
28.2
27.9
27.7
27.1
27.0
26.9
28.0
29.2
30.0
31.5
33.6
33.3
35.1
35.4
35.5
35.9
35.3
34.8
33.2
31.0
30.8
29.2
28.8
28.5
27.9
27.7
27.7
27.4
27.3
27.3
27.8
28.3
29.4
29.8
31.4
32.1
33.4
34.4
33.3
34.0
33.5
32.6
31.4
29.5
28.9
28.2
27.8
27.4
26.9
26.5
26.5
26.0
26.0
26.0
26.2
28.0
29.3
30.4
31.0
32.3
31.5
31.2
31.4
32.2
31.6
30.8
29.9
28.6
28.0
27.7
27.6
27.8
27.6
27.8
28.0
27.7
27.2
25.7
25.2
25.6
25.3
24.4
25.1
27.9
29.4
30.6
30.4
30.5
29.6
29.5
28.6
28.3
28.1
27.6
27.6
26.8
26.7
26.6
26.4
26.1
25.3
26.7
27.6
28.1
30.2
30.5
31.0
30.9
32.3
32.5
33.0
32.7
32.0
31.3
30.9
29.6
28.9
28.2
27.7
27.0
26.6
26.0
25.9
25.8
25.5
25.7
27.2
28.6
29.8
31.2
32.1
33.1
33.8
33.5
33.9
34.0
32.8
32.2
31.5
30.8
29.8
29.1
28.6
28.3
