27.2
26.7
26.6
26.5
25.9
26.1
27.5
29.2
31.0
32.8
33.6
34.3
34.5
35.6
35.2
35.6
35.3
34.8
33.5
31.8
30.1
29.8
29.0
28.6
27.7
27.4
26.9
26.7
26.2
26.5
27.7
29.1
31.0
31.9
33.7
34.2
35.3
35.0
35.5
35.7
35.7
35.0
32.9
31.2
30.2
29.5
28.8
28.2
27.8
27.4
27.1
27.1
26.8
26.8
27.7
29.0
29.7
30.8
31.5
32.9
34.0
34.6
34.5
34.9
34.6
33.7
32.4
30.8
29.7
29.5
28.8
28.3
27.9
27.3
27.5
27.2
26.7
26.8
27.8
28.6
30.1
30.8
32.9
34.3
34.6
34.7
35.0
35.2
34.9
33.6
32.2
30.5
29.2
28.8
28.5
27.9
28.0
27.7
26.8
25.8
25.5
25.6
27.5
29.4
30.9
33.3
33.3
33.5
34.8
35.6
35.8
35.2
35.4
34.4
31.7
30.8
30.2
29.5
29.1
28.8
28.4
28.2
28.0
28.0
28.3
28.1
28.5
29.0
29.9
30.3
30.4
28.0
27.9
27.2
27.6
27.7
26.8
27.1
27.3
27.2
27.2
26.9
26.9
26.8
26.7
26.8
26.7
26.4
26.2
26.3
27.2
28.9
28.9
29.3
30.9
30.1
30.9
32.8
32.7
31.6
31.7
31.0
30.1
29.1
28.2
27.5
26.9
26.8
26.3
26.5
26.4
26.0
25.8
26.0
27.1
28.4
29.3
30.1
31.1
32.4
32.9
33.7
34.0
32.8
32.5
32.0
30.8
29.6
28.4
27.0
26.8
26.2
25.9
25.5
25.5
24.9
25.1
25.3
26.2
27.6
28.4
29.1
30.6
31.7
32.4
33.1
33.5
33.2
32.3
31.5
30.3
29.0
28.6
27.6
27.0
26.3
25.8
25.4
25.1
24.8
24.8
24.9
26.3
27.6
28.9
29.8
30.6
32.6
33.8
34.7
34.6
34.4
33.8
33.1
31.7
30.1
29.0
28.6
27.9
27.4
27.7
27.2
27.3
26.5
26.1
25.3
27.2
28.7
30.1
31.2
31.8
32.5
33.5
33.9
34.1
33.5
33.1
31.6
31.1
29.9
29.5
29.1
29.0
28.6
27.8
27.5
27.2
27.4
27.6
27.6
28.3
29.4
30.7
31.8
32.3
32.8
34.1
35.0
35.2
35.1
35.0
33.9
33.3
31.1
30.5
29.6
29.1
28.5
28.6
28.0
27.8
27.6
27.2
27.3
29.1
30.7
32.6
33.6
34.7
34.9
35.7
36.0
36.3
35.7
34.7
34.3
33.3
32.7
32.4
31.7
31.3
30.8
30.5
30.2
30.1
30.0
29.9
30.0
30.8
32.3
33.5
34.5
35.3
34.8
34.7
30.9
31.7
32.6
28.8
27.4
27.3
27.0
26.9
27.7
28.4
28.6
29.3
28.4
26.3
26.9
26.7
26.8
27.3
27.1
27.1
26.9
27.3
27.0
27.2
27.5
27.9
27.3
27.4
27.3
26.9
26.9
26.9
26.9
26.5
26.0
26.5
26.8
26.8
26.6
27.6
27.5
28.1
28.7
30.1
31.4
31.0
32.2
32.4
32.9
33.5
33.2
33.3
31.7
30.2
29.9
27.9
27.0
26.8
26.7
26.0
25.7
25.3
24.8
24.8
24.7
25.6
28.4
29.6
31.0
31.7
32.4
33.1
33.4
34.0
33.7
33.2
32.4
30.3
29.5
27.9
26.9
26.0
25.7
25.5
24.6
24.3
24.1
23.8
23.9
24.9
27.4
28.2
29.9
31.4
32.0
32.3
33.4
33.9
33.0
32.2
31.0
30.4
29.0
28.0
27.2
26.8
26.4
25.9
25.9
26.1
26.0
25.7
26.1
26.1
26.3
27.4
27.9
28.3
28.6
28.1
27.7
27.7
27.8
28.0
28.0
26.5
26.4
26.3
26.0
26.1
26.2
25.9
25.6
25.9
25.6
25.3
25.5
26.1
26.1
27.9
28.1
27.8
28.5
29.0
28.9
30.1
30.4
30.1
29.4
28.2
28.0
27.3
27.2
26.8
26.4
26.2
26.0
26.1
25.9
25.8
25.7
26.2
26.7
29.3
29.8
31.7
31.9
31.8
32.0
31.7
32.0
31.5
30.8
30.0
29.3
29.0
28.0
27.7
27.3
27.1
26.8
26.4
25.9
25.8
25.6
26.4
27.8
29.4
29.7
31.2
31.9
32.4
32.4
32.1
31.3
30.8
30.1
29.8
28.8
27.6
27.0
26.4
25.6
25.6
25.6
25.6
26.0
25.8
25.8
26.6
27.5
28.2
28.1
29.0
30.0
30.1
31.1
31.1
26.3
25.4
24.6
24.6
24.5
23.9
24.0
24.1
23.7
23.7
24.0
24.0
23.5
23.4
23.2
23.7
24.9
27.2
28.7
30.1
30.3
30.0
31.5
29.3
27.6
26.8
26.7
26.0
25.3
24.9
24.5
24.1
23.8
23.5
22.9
22.4
21.9
21.5
21.4
22.3
23.6
25.6
27.0
28.2
28.2
28.5
29.9
28.7
27.9
28.0
27.2
26.3
25.5
24.7
23.8
23.1
22.9
21.9
21.3
21.0
20.7
20.3
20.2
21.5
22.7
24.2
27.3
28.1
29.2
29.3
31.1
30.8
30.9
30.3
29.0
27.7
26.4
25.2
23.9
23.4
22.9
22.3
22.3
21.9
21.5
21.7
22.1
22.3
21.8
23.0
23.1
23.9
24.3
25.1
25.5
25.5
26.0
26.2
26.1
25.6
24.3
24.1
24.3
24.4
24.2
24.0
24.0
23.9
24.0
23.6
23.7
24.0
24.3
24.4
24.9
25.2
24.9
25.0
26.0
26.6
26.2
26.1
25.6
25.3
25.0
25.0
25.0
24.7
24.6
24.4
24.3
24.4
24.3
24.2
24.3
24.5
24.8
25.7
26.5
27.8
28.1
28.9
28.2
26.9
26.3
26.5
25.7
24.7
24.6
24.1
24.1
23.9
23.7
23.4
23.3
22.9
23.0
22.8
22.8
23.1
22.9
22.9
23.2
25.4
27.8
28.6
28.7
28.8
28.3
27.8
27.5
25.9
25.7
25.3
24.4
24.2
23.8
23.5
23.4
22.8
22.6
21.9
21.8
22.6
24.5
26.4
27.3
28.9
29.7
30.3
28.5
28.4
27.3
27.1
26.5
25.8
25.2
23.9
23.5
23.1
22.4
