-2.611439999999995780e+04
-1.722240000000001601e+04
-1.282000000000000000e+04
-9.944000000000005457e+03
-5.630400000000005093e+03
-1.364399999999998727e+03
1.309200000000002092e+03
3.689999999999999545e+03
-7.716000000000010914e+03
-4.591599999999998545e+03
-2.300160000000000582e+04
-1.408080000000001382e+04
-9.648400000000006912e+03
-6.765200000000000728e+03
-2.505599999999998545e+03
1.554000000000001137e+03
3.913200000000001182e+03
5.908800000000001091e+03
-5.905600000000003092e+03
-3.197199999999999818e+03
